# time(s) Ux(mm) Uy(mm)
4.000000e-02 1.859915e-02 3.959937e-03
8.000000e-02 2.167027e-02 4.613478e-03
1.200000e-01 1.217781e-03 2.588780e-04
1.600000e-01 6.036689e-02 1.284997e-02
2.000000e-01 -5.773510e-02 -1.229139e-02
2.400000e-01 4.249463e-03 9.197617e-04
2.800000e-01 2.932561e-02 6.230447e-03
3.200000e-01 1.471629e-01 3.133088e-02
3.600000e-01 6.603474e-02 1.403305e-02
4.000000e-01 -1.029173e-02 -2.245846e-03
4.400000e-01 3.285709e-01 7.005085e-02
4.800000e-01 -5.157337e-01 -1.098115e-01
5.200000e-01 3.103652e-01 6.605979e-02
5.600000e-01 -2.572564e-01 -5.478587e-02
6.000000e-01 1.240217e+00 2.639949e-01
6.400000e-01 -8.738967e-01 -1.860395e-01
6.800000e-01 4.271860e-01 9.095739e-02
7.200000e-01 6.466259e-01 1.377558e-01
7.600000e-01 -8.591020e-01 -1.830435e-01
8.000000e-01 -2.255165e+00 -4.800483e-01
8.400000e-01 -1.413117e+00 -3.008962e-01
8.800000e-01 1.422511e+00 3.028336e-01
9.200000e-01 1.774358e+00 3.778013e-01
9.600000e-01 -6.622840e-02 -1.365079e-02
1.000000e+00 6.376517e-01 1.356102e-01
1.040000e+00 -7.400764e-01 -1.578042e-01
1.080000e+00 2.063468e+00 4.386903e-01
1.120000e+00 -7.629457e-01 -1.620115e-01
1.160000e+00 4.289788e-01 9.164599e-02
1.200000e+00 -3.954522e+00 -8.417644e-01
1.240000e+00 2.991141e+00 6.367121e-01
1.280000e+00 -3.097335e+00 -6.591945e-01
1.320000e+00 3.454209e+00 7.351471e-01
1.360000e+00 7.593537e-01 1.620125e-01
1.400000e+00 -2.390539e-01 -5.126384e-02
1.440000e+00 5.479909e-01 1.168283e-01
1.480000e+00 -5.475860e+00 -1.166170e+00
1.520000e+00 4.894136e-01 1.040667e-01
1.560000e+00 -6.651151e-01 -1.409642e-01
1.600000e+00 -4.316566e+00 -9.196159e-01
1.640000e+00 7.432626e+00 1.581148e+00
1.680000e+00 -7.930530e+00 -1.687414e+00
1.720000e+00 1.526651e+00 3.254490e-01
1.760000e+00 7.604361e+00 1.618418e+00
1.800000e+00 -7.633939e+00 -1.623923e+00
1.840000e+00 3.613144e-01 7.577661e-02
1.880000e+00 1.042484e+01 2.219453e+00
1.920000e+00 1.909239e-02 4.826902e-03
1.960000e+00 -6.388071e-01 -1.364297e-01
2.000000e+00 -2.320540e+00 -4.939007e-01
2.040000e+00 -7.746334e+00 -1.648028e+00
2.080000e+00 -3.210917e+00 -6.845312e-01
2.120000e+00 8.704508e+00 1.851146e+00
2.160000e+00 1.156552e+00 2.485986e-01
2.200000e+00 1.177886e+01 2.507444e+00
2.240000e+00 5.263773e+00 1.120193e+00
2.280000e+00 -4.272348e+00 -9.091896e-01
2.320000e+00 -8.417508e+00 -1.791907e+00
2.360000e+00 -3.523272e+00 -7.487174e-01
2.400000e+00 1.376538e+00 2.912435e-01
2.440000e+00 3.776513e+00 8.037959e-01
2.480000e+00 4.291675e+00 9.139276e-01
2.520000e+00 -8.345147e-01 -1.782084e-01
2.560000e+00 -6.143541e+00 -1.307062e+00
2.600000e+00 5.919943e+00 1.259254e+00
2.640000e+00 3.154766e+00 6.722345e-01
2.680000e+00 -6.352466e+00 -1.352211e+00
2.720000e+00 -8.879164e-01 -1.896429e-01
2.760000e+00 -2.542307e+00 -5.405905e-01
2.800000e+00 7.317542e+00 1.556729e+00
2.840000e+00 -2.342526e-01 -4.833281e-02
2.880000e+00 2.134345e+00 4.548028e-01
2.920000e+00 -7.172859e+00 -1.528026e+00
2.960000e+00 -7.764748e-01 -1.651512e-01
3.000000e+00 3.158514e+00 6.728865e-01
3.040000e+00 2.078407e+00 4.420612e-01
3.080000e+00 -7.754447e+00 -1.650531e+00
3.120000e+00 8.352970e-01 1.772640e-01
3.160000e+00 -1.796895e+00 -3.825415e-01
3.200000e+00 8.468883e+00 1.802596e+00
3.240000e+00 -5.894415e+00 -1.254622e+00
3.280000e+00 9.042535e+00 1.924415e+00
3.320000e+00 1.346457e+00 2.875456e-01
3.360000e+00 3.172820e+00 6.752427e-01
3.400000e+00 -3.866641e+00 -8.222973e-01
3.440000e+00 -1.505057e+01 -3.205018e+00
3.480000e+00 5.916836e+00 1.259095e+00
3.520000e+00 5.102931e+00 1.087149e+00
3.560000e+00 -7.141248e+00 -1.520301e+00
3.600000e+00 -3.133651e+00 -6.675279e-01
3.640000e+00 1.765605e+00 3.758875e-01
3.680000e+00 1.745410e+00 3.711327e-01
3.720000e+00 -4.882976e+00 -1.038332e+00
3.760000e+00 -3.007799e+00 -6.409144e-01
3.800000e+00 1.602993e+01 3.412498e+00
3.840000e+00 -3.712192e+00 -7.903549e-01
3.880000e+00 2.210026e+00 4.710912e-01
3.920000e+00 5.498500e+00 1.169813e+00
3.960000e+00 -2.543111e+00 -5.404656e-01
4.000000e+00 -5.415957e+00 -1.152928e+00
4.040000e+00 -4.650854e+00 -9.915949e-01
4.080000e+00 2.357337e+00 5.024380e-01
4.120000e+00 -3.697204e-01 -7.846215e-02
4.160000e+00 -1.471365e+00 -3.136974e-01
4.200000e+00 4.161677e+00 8.868724e-01
4.240000e+00 6.719424e+00 1.428991e+00
4.280000e+00 -1.888974e+00 -4.003379e-01
4.320000e+00 5.886241e-01 1.255351e-01
4.360000e+00 -7.193084e+00 -1.531649e+00
4.400000e+00 3.124223e+00 6.646502e-01
4.440000e+00 1.145077e+00 2.451351e-01
4.480000e+00 -1.471324e+00 -3.151709e-01
4.520000e+00 -4.923368e+00 -1.047153e+00
4.560000e+00 -2.158327e+00 -4.586542e-01
4.600000e+00 -3.959933e+00 -8.451346e-01
4.640000e+00 6.689730e+00 1.423809e+00
4.680000e+00 3.294938e+00 7.023253e-01
4.720000e+00 -6.172886e+00 -1.313827e+00
4.760000e+00 -2.228888e+00 -4.751109e-01
4.800000e+00 1.068252e+00 2.277446e-01
4.840000e+00 -3.085315e+00 -6.574079e-01
4.880000e+00 2.487294e+00 5.308031e-01
4.920000e+00 5.240894e+00 1.114442e+00
4.960000e+00 -7.754778e-01 -1.640046e-01
5.000000e+00 2.570504e+00 5.455926e-01
5.040000e+00 -2.668874e+00 -5.662321e-01
5.080000e+00 5.341589e+00 1.137012e+00
5.120000e+00 -2.916953e+00 -6.208113e-01
5.160000e+00 1.606231e+00 3.407962e-01
5.200000e+00 7.031675e+00 1.495591e+00
5.240000e+00 -1.551914e+01 -3.301694e+00
5.280000e+00 4.487089e+00 9.539619e-01
5.320000e+00 1.855777e+00 3.964615e-01
5.360000e+00 2.039311e+00 4.331063e-01
5.400000e+00 -3.981365e+00 -8.463073e-01
5.440000e+00 -1.311664e+00 -2.817369e-01
5.480000e+00 8.828930e-02 2.036872e-02
5.520000e+00 -8.458046e+00 -1.800069e+00
5.560000e+00 5.149098e+00 1.094483e+00
5.600000e+00 6.173104e+00 1.313919e+00
5.640000e+00 1.208074e+01 2.573023e+00
5.680000e+00 1.682569e+00 3.598777e-01
5.720000e+00 -6.427670e+00 -1.368422e+00
5.760000e+00 -1.243939e+01 -2.647928e+00
5.800000e+00 1.828790e+00 3.894738e-01
5.840000e+00 4.621383e+00 9.824316e-01
5.880000e+00 7.667479e+00 1.631571e+00
5.920000e+00 -8.673588e+00 -1.847067e+00
5.960000e+00 -4.764818e+00 -1.012967e+00
6.000000e+00 3.606973e+00 7.672805e-01
6.040000e+00 1.412811e+00 3.027361e-01
6.080000e+00 -9.324996e-01 -1.998360e-01
6.120000e+00 1.959389e+00 4.184297e-01
6.160000e+00 -7.688532e+00 -1.637308e+00
6.200000e+00 3.046567e+00 6.478820e-01
6.240000e+00 -3.247165e+00 -6.911127e-01
6.280000e+00 7.824504e+00 1.664356e+00
6.320000e+00 4.199086e+00 8.950128e-01
6.360000e+00 -4.828175e+00 -1.027322e+00
6.400000e+00 9.556360e+00 2.033573e+00
6.440000e+00 6.064187e+00 1.291347e+00
6.480000e+00 -4.826005e+00 -1.029095e+00
6.520000e+00 1.387396e+00 2.976971e-01
6.560000e+00 -1.453423e+00 -3.091648e-01
6.600000e+00 -6.915777e+00 -1.473341e+00
6.640000e+00 1.112674e+01 2.369372e+00
6.680000e+00 -5.966009e+00 -1.269408e+00
6.720000e+00 -8.517168e+00 -1.814151e+00
6.760000e+00 1.991470e+00 4.237125e-01
6.800000e+00 6.735177e-02 1.421702e-02
6.840000e+00 -9.643568e-01 -2.048241e-01
6.880000e+00 1.004579e+01 2.138996e+00
6.920000e+00 7.976770e+00 1.697781e+00
6.960000e+00 -1.439538e+01 -3.064428e+00
7.000000e+00 -4.196736e+00 -8.923550e-01
7.040000e+00 -5.754915e+00 -1.226623e+00
7.080000e+00 -3.432392e+00 -7.316414e-01
7.120000e+00 4.194889e+00 8.930395e-01
7.160000e+00 -2.014735e+00 -4.271672e-01
7.200000e+00 1.032963e+01 2.198718e+00
7.240000e+00 -1.342208e+00 -2.860976e-01
7.280000e+00 -4.761572e+00 -1.013696e+00
7.320000e+00 1.135822e+00 2.408587e-01
7.360000e+00 -1.251397e+00 -2.663402e-01
7.400000e+00 5.043441e+00 1.074399e+00
7.440000e+00 -7.120061e+00 -1.516084e+00
7.480000e+00 6.300117e-01 1.334504e-01
7.520000e+00 5.650601e+00 1.203309e+00
7.560000e+00 -1.229730e+00 -2.615453e-01
7.600000e+00 3.676008e+00 7.828627e-01
7.640000e+00 -1.022575e+01 -2.177100e+00
7.680000e+00 -3.372647e+00 -7.172419e-01
7.720000e+00 6.948697e+00 1.477884e+00
7.760000e+00 2.050231e+00 4.372264e-01
7.800000e+00 -3.096372e+00 -6.584709e-01
7.840000e+00 -2.996935e-01 -6.421964e-02
7.880000e+00 8.719415e-01 1.848909e-01
7.920000e+00 5.409857e+00 1.152450e+00
7.960000e+00 1.188917e+00 2.527839e-01
8.000000e+00 -1.229069e+00 -2.609950e-01
8.040000e+00 -1.188481e+00 -2.544549e-01
8.080000e+00 1.352442e+00 2.889459e-01
8.120000e+00 -8.570623e+00 -1.825184e+00
8.160000e+00 -1.636792e+00 -3.484030e-01
8.200000e+00 -5.269228e+00 -1.121945e+00
8.240000e+00 1.251367e+01 2.662928e+00
8.280000e+00 5.774512e+00 1.231192e+00
8.320000e+00 -8.054360e+00 -1.714570e+00
8.360000e+00 1.355669e+00 2.875681e-01
8.400000e+00 6.086567e+00 1.296166e+00
8.440000e+00 7.938983e-01 1.695125e-01
8.480000e+00 1.276280e+00 2.713452e-01
8.520000e+00 -3.980253e+00 -8.472146e-01
8.560000e+00 7.514938e+00 1.600101e+00
8.600000e+00 -5.243753e+00 -1.114900e+00
8.640000e+00 -3.617481e+00 -7.725303e-01
8.680000e+00 -3.040037e+00 -6.462213e-01
8.720000e+00 1.388179e-01 2.927738e-02
8.760000e+00 -6.563586e+00 -1.397767e+00
8.800000e+00 2.293385e+00 4.883658e-01
8.840000e+00 1.132858e+01 2.411104e+00
8.880000e+00 -2.086364e+00 -4.432591e-01
8.920000e+00 -1.177344e+00 -2.506549e-01
8.960000e+00 3.736680e+00 7.951779e-01
9.000000e+00 -5.365415e+00 -1.141220e+00
9.040000e+00 3.198914e+00 6.801541e-01
9.080000e+00 -1.120409e+01 -2.385361e+00
9.120000e+00 -1.072213e+00 -2.275003e-01
9.160000e+00 4.214666e+00 8.964528e-01
9.200000e+00 3.349841e+00 7.139205e-01
9.240000e+00 -8.731729e+00 -1.858361e+00
9.280000e+00 9.529670e+00 2.027467e+00
9.320000e+00 -2.832606e+00 -6.029522e-01
9.360000e+00 -1.189766e+00 -2.520387e-01
9.400000e+00 1.358608e+01 2.891093e+00
9.440000e+00 3.198098e-01 6.846022e-02
9.480000e+00 -8.026084e+00 -1.708737e+00
9.520000e+00 -6.118519e-04 -6.457342e-04
9.560000e+00 6.360991e+00 1.354463e+00
9.600000e+00 -1.011182e+00 -2.147693e-01
9.640000e+00 4.787249e+00 1.018485e+00
9.680000e+00 -5.729729e+00 -1.218451e+00
9.720000e+00 3.882605e+00 8.260511e-01
9.760000e+00 -7.242309e+00 -1.542076e+00
9.800000e+00 7.492787e+00 1.594521e+00
9.840000e+00 -9.402959e+00 -2.001359e+00
9.880000e+00 -3.108700e-01 -6.516198e-02
9.920000e+00 -1.957966e+00 -4.176544e-01
9.960000e+00 5.531877e+00 1.177413e+00
1.000000e+01 2.051092e+00 4.358289e-01
1.004000e+01 -6.533937e+00 -1.391911e+00
1.008000e+01 1.092265e+01 2.327201e+00
1.012000e+01 -9.064121e+00 -1.929367e+00
1.016000e+01 3.741001e+00 7.959107e-01
1.020000e+01 -6.035809e+00 -1.284869e+00
1.024000e+01 1.466310e+01 3.120609e+00
1.028000e+01 -7.648263e+00 -1.627475e+00
1.032000e+01 2.296738e+00 4.890221e-01
1.036000e+01 1.036862e+01 2.207836e+00
1.040000e+01 -2.154831e+00 -4.594267e-01
1.044000e+01 -1.292630e+01 -2.751047e+00
1.048000e+01 -1.409432e+01 -3.000650e+00
1.052000e+01 1.092963e+00 2.322087e-01
1.056000e+01 5.899308e+00 1.255929e+00
1.060000e+01 3.347002e+00 7.144559e-01
1.064000e+01 4.698254e+00 9.994563e-01
1.068000e+01 -2.394243e+00 -5.104962e-01
1.072000e+01 3.337336e+00 7.083058e-01
1.076000e+01 -1.451731e+00 -3.074838e-01
1.080000e+01 4.448561e+00 9.478427e-01
1.084000e+01 -1.137316e+01 -2.420357e+00
1.088000e+01 6.963978e+00 1.481802e+00
1.092000e+01 -7.687756e+00 -1.635771e+00
1.096000e+01 5.584344e+00 1.187943e+00
1.100000e+01 4.871160e+00 1.037675e+00
1.104000e+01 2.061425e-01 4.326558e-02
1.108000e+01 5.362911e+00 1.141819e+00
1.112000e+01 -9.930070e+00 -2.114242e+00
1.116000e+01 -1.431395e+00 -3.050858e-01
1.120000e+01 1.878337e+00 4.007089e-01
1.124000e+01 -8.843854e+00 -1.883479e+00
1.128000e+01 7.724599e+00 1.642212e+00
1.132000e+01 -1.131748e+01 -2.407465e+00
1.136000e+01 -1.062013e+00 -2.257425e-01
1.140000e+01 8.749920e+00 1.861749e+00
1.144000e+01 -6.132575e+00 -1.303634e+00
1.148000e+01 -5.324895e+00 -1.134890e+00
1.152000e+01 1.017537e+01 2.165825e+00
1.156000e+01 3.457904e+00 7.370648e-01
1.160000e+01 5.293894e-01 1.123619e-01
1.164000e+01 -1.109986e+00 -2.360892e-01
1.168000e+01 -5.602260e+00 -1.191451e+00
1.172000e+01 -6.607410e+00 -1.407539e+00
1.176000e+01 1.027227e+00 2.165623e-01
1.180000e+01 7.252610e-01 1.566708e-01
1.184000e+01 1.157557e+01 2.463715e+00
1.188000e+01 8.592293e+00 1.828825e+00
1.192000e+01 5.282137e-01 1.130752e-01
1.196000e+01 -7.831031e+00 -1.666628e+00
1.200000e+01 -1.648354e+00 -3.497606e-01
1.204000e+01 -2.059691e+00 -4.402269e-01
1.208000e+01 1.948228e+00 4.144574e-01
1.212000e+01 5.807943e+00 1.236514e+00
1.216000e+01 7.744200e-02 1.612025e-02
1.220000e+01 -5.320603e+00 -1.131658e+00
1.224000e+01 3.036088e+00 6.451132e-01
1.228000e+01 5.860928e+00 1.248170e+00
1.232000e+01 -4.220122e+00 -8.979402e-01
1.236000e+01 -2.485976e+00 -5.298183e-01
1.240000e+01 -3.227303e+00 -6.864000e-01
1.244000e+01 3.883957e+00 8.255614e-01
1.248000e+01 1.888708e+00 4.036254e-01
1.252000e+01 6.117904e+00 1.302640e+00
1.256000e+01 -7.132192e+00 -1.518860e+00
1.260000e+01 -2.657798e+00 -5.656985e-01
1.264000e+01 3.506631e+00 7.467555e-01
1.268000e+01 3.706549e+00 7.886165e-01
1.272000e+01 -6.414062e+00 -1.364830e+00
1.276000e+01 -9.361498e-01 -1.999808e-01
1.280000e+01 -3.946169e+00 -8.399905e-01
1.284000e+01 7.813002e+00 1.662520e+00
1.288000e+01 -6.180170e+00 -1.315031e+00
1.292000e+01 6.437896e+00 1.369560e+00
1.296000e+01 3.691201e+00 7.867320e-01
1.300000e+01 5.329081e+00 1.134256e+00
1.304000e+01 2.973936e+00 6.339973e-01
1.308000e+01 -1.625510e+01 -3.460654e+00
1.312000e+01 1.079020e+00 2.287694e-01
1.316000e+01 7.508543e+00 1.598916e+00
1.320000e+01 -5.061821e+00 -1.077247e+00
1.324000e+01 -4.995768e+00 -1.063863e+00
1.328000e+01 4.537987e-01 9.642702e-02
1.332000e+01 4.476804e-01 9.483321e-02
1.336000e+01 -3.550879e+00 -7.546889e-01
1.340000e+01 -8.267727e+00 -1.760455e+00
1.344000e+01 1.487720e+01 3.166239e+00
1.348000e+01 -2.771785e+00 -5.896622e-01
1.352000e+01 2.793811e+00 5.952216e-01
1.356000e+01 5.696961e+00 1.211981e+00
1.360000e+01 1.728799e+00 3.690790e-01
1.364000e+01 -2.120194e+00 -4.511665e-01
1.368000e+01 -7.845369e+00 -1.671335e+00
1.372000e+01 1.187895e+00 2.531961e-01
1.376000e+01 -8.307304e-02 -1.748150e-02
1.380000e+01 -4.366029e+00 -9.297528e-01
1.384000e+01 4.205385e+00 8.958347e-01
1.388000e+01 4.408078e+00 9.369329e-01
1.392000e+01 1.467769e+00 3.143328e-01
1.396000e+01 3.738545e+00 7.960198e-01
1.400000e+01 -6.737339e+00 -1.434210e+00
1.404000e+01 7.709245e-01 1.635395e-01
1.408000e+01 5.580843e+00 1.189181e+00
1.412000e+01 -2.226256e+00 -4.755657e-01
1.416000e+01 -3.859851e+00 -8.206168e-01
1.420000e+01 8.156803e-01 1.742496e-01
1.424000e+01 -8.031689e+00 -1.711590e+00
1.428000e+01 3.191458e+00 6.787511e-01
1.432000e+01 5.645036e+00 1.202421e+00
1.436000e+01 -3.934391e+00 -8.370057e-01
1.440000e+01 -4.179234e+00 -8.902224e-01
1.444000e+01 1.093038e+00 2.328040e-01
1.448000e+01 -6.304353e+00 -1.342429e+00
1.452000e+01 2.424881e+00 5.171643e-01
1.456000e+01 2.830582e+00 6.012750e-01
1.460000e+01 1.665938e+00 3.556890e-01
1.464000e+01 -6.007952e-01 -1.293920e-01
1.468000e+01 -1.332160e+00 -2.816534e-01
1.472000e+01 5.875630e+00 1.250437e+00
1.476000e+01 -5.509720e-01 -1.169490e-01
1.480000e+01 8.743986e-01 1.850086e-01
1.484000e+01 6.984510e+00 1.485374e+00
1.488000e+01 -1.192101e+01 -2.535105e+00
1.492000e+01 -5.953166e-01 -1.282420e-01
1.496000e+01 3.751967e+00 7.998869e-01
1.500000e+01 1.461101e+00 3.100915e-01
1.504000e+01 4.805078e-01 1.035139e-01
1.508000e+01 -5.643846e+00 -1.203627e+00
1.512000e+01 1.472238e+00 3.146931e-01
1.516000e+01 -8.068998e+00 -1.717021e+00
1.520000e+01 -9.675042e-01 -2.077609e-01
1.524000e+01 6.452790e-01 1.370747e-01
1.528000e+01 1.107151e+01 2.357667e+00
1.532000e+01 7.785514e+00 1.658952e+00
1.536000e+01 -1.200898e+00 -2.553773e-01
1.540000e+01 -1.076465e+01 -2.290965e+00
1.544000e+01 4.602542e-01 9.779079e-02
1.548000e+01 2.042211e+00 4.334632e-01
1.552000e+01 8.243866e+00 1.754102e+00
1.556000e+01 -7.167032e+00 -1.525713e+00
1.560000e+01 -4.298948e+00 -9.140472e-01
1.564000e+01 -4.242347e-01 -9.089391e-02
1.568000e+01 3.874429e+00 8.261735e-01
1.572000e+01 -2.426629e+00 -5.174316e-01
1.576000e+01 4.256134e+00 9.068542e-01
1.580000e+01 -5.964722e+00 -1.269895e+00
1.584000e+01 7.350981e-01 1.557649e-01
1.588000e+01 -3.423809e+00 -7.286673e-01
1.592000e+01 2.158942e+00 4.583974e-01
1.596000e+01 4.187885e+00 8.922071e-01
1.600000e+01 -3.529545e+00 -7.507672e-01
1.604000e+01 5.078718e+00 1.080323e+00
1.608000e+01 7.618014e+00 1.621850e+00
1.612000e+01 -4.950213e+00 -1.054546e+00
1.616000e+01 3.059326e+00 6.527317e-01
1.620000e+01 1.612346e+00 3.434214e-01
1.624000e+01 -6.830917e+00 -1.454560e+00
1.628000e+01 8.238322e+00 1.753789e+00
1.632000e+01 -3.557337e-02 -6.929668e-03
1.636000e+01 -6.246752e+00 -1.330198e+00
1.640000e+01 -1.604460e-02 -3.735912e-03
1.644000e+01 -9.115954e-01 -1.941370e-01
1.648000e+01 -2.196576e+00 -4.672576e-01
1.652000e+01 6.225706e+00 1.325316e+00
1.656000e+01 8.387145e+00 1.785133e+00
1.660000e+01 -6.472030e+00 -1.377162e+00
1.664000e+01 -4.370302e-01 -9.251629e-02
1.668000e+01 -3.908649e+00 -8.328663e-01
1.672000e+01 -4.564957e+00 -9.723059e-01
1.676000e+01 8.611219e-02 1.818341e-02
1.680000e+01 -1.455298e+00 -3.087951e-01
1.684000e+01 6.044850e+00 1.286385e+00
1.688000e+01 7.403845e-01 1.575437e-01
1.692000e+01 -1.964021e+00 -4.180141e-01
1.696000e+01 -2.989136e-01 -6.418327e-02
1.700000e+01 -1.652748e+00 -3.517452e-01
1.704000e+01 3.891765e+00 8.286745e-01
1.708000e+01 -3.378280e+00 -7.191397e-01
1.712000e+01 -1.531899e+00 -3.264817e-01
1.716000e+01 2.772121e+00 5.901791e-01
1.720000e+01 -3.636710e-01 -7.720298e-02
1.724000e+01 3.397654e+00 7.233214e-01
1.728000e+01 -4.838730e+00 -1.029899e+00
1.732000e+01 -2.260844e+00 -4.809822e-01
1.736000e+01 1.384819e+00 2.939996e-01
1.740000e+01 1.446681e+00 3.083107e-01
1.744000e+01 -6.770565e-01 -1.437490e-01
1.748000e+01 -3.969021e-01 -8.470250e-02
1.752000e+01 -1.054167e+00 -2.247185e-01
1.756000e+01 2.826726e+00 6.019774e-01
1.760000e+01 9.151887e-01 1.947340e-01
1.764000e+01 9.818113e-01 2.092993e-01
1.768000e+01 -1.292928e+00 -2.757747e-01
1.772000e+01 2.182561e+00 4.649697e-01
1.776000e+01 -3.636845e+00 -7.743022e-01
1.780000e+01 -1.145848e+00 -2.439778e-01
1.784000e+01 -3.926042e+00 -8.357940e-01
1.788000e+01 2.561833e+00 5.447313e-01
1.792000e+01 4.207929e+00 8.964549e-01
1.796000e+01 -2.387682e+00 -5.080704e-01
1.800000e+01 -9.916202e-01 -2.115173e-01
1.804000e+01 2.190956e+00 4.664808e-01
1.808000e+01 1.054901e+00 2.247855e-01
1.812000e+01 9.151636e-01 1.946940e-01
1.816000e+01 -1.782806e+00 -3.793655e-01
1.820000e+01 3.118517e+00 6.638511e-01
1.824000e+01 6.551457e-01 1.400479e-01
1.828000e+01 -2.126200e+00 -4.533993e-01
1.832000e+01 -8.329837e-01 -1.769935e-01
1.836000e+01 2.580732e-01 5.478868e-02
1.840000e+01 -3.161566e+00 -6.731020e-01
1.844000e+01 -5.469860e-01 -1.164719e-01
1.848000e+01 3.334890e+00 7.095875e-01
1.852000e+01 2.459093e-01 5.273393e-02
1.856000e+01 -3.006789e-01 -6.398098e-02
1.860000e+01 1.372423e+00 2.920226e-01
1.864000e+01 -8.294669e-01 -1.761744e-01
1.868000e+01 1.553681e+00 3.303998e-01
1.872000e+01 -3.805734e+00 -8.100456e-01
1.876000e+01 -9.246707e-01 -1.966812e-01
1.880000e+01 2.213955e-01 4.683361e-02
1.884000e+01 1.567264e+00 3.338202e-01
1.888000e+01 -2.669846e+00 -5.680869e-01
1.892000e+01 2.051649e+00 4.362250e-01
1.896000e+01 -1.154287e+00 -2.456193e-01
1.900000e+01 -6.640341e-01 -1.410032e-01
1.904000e+01 3.544035e+00 7.539686e-01
1.908000e+01 1.427180e+00 3.039757e-01
1.912000e+01 -1.928202e+00 -4.103874e-01
1.916000e+01 -9.250768e-01 -1.970808e-01
1.920000e+01 1.637277e+00 3.485475e-01
1.924000e+01 1.153226e-01 2.472591e-02
1.928000e+01 1.296136e+00 2.757216e-01
1.932000e+01 -7.593571e-01 -1.612220e-01
1.936000e+01 1.456735e+00 3.099157e-01
1.940000e+01 -1.876891e+00 -3.995179e-01
1.944000e+01 2.014126e+00 4.285066e-01
1.948000e+01 -2.248059e+00 -4.783307e-01
1.952000e+01 1.778140e-01 3.804363e-02
1.956000e+01 -1.015742e+00 -2.164092e-01
1.960000e+01 1.270542e+00 2.703375e-01
1.964000e+01 8.247708e-01 1.753697e-01
1.968000e+01 -2.778317e+00 -5.915385e-01
1.972000e+01 3.162554e+00 6.735256e-01
1.976000e+01 -1.675399e+00 -3.564670e-01
1.980000e+01 7.476930e-01 1.589910e-01
1.984000e+01 -1.808066e+00 -3.848063e-01
1.988000e+01 3.042947e+00 6.474177e-01
1.992000e+01 -1.276298e+00 -2.714094e-01
1.996000e+01 5.609889e-03 1.200383e-03
2.000000e+01 3.085935e+00 6.569508e-01
