-1.919345e-03
-1.928733e-03
-1.895408e-03
-1.745208e-03
-1.550784e-03
-1.586738e-03
-2.078775e-03
-2.577862e-03
-2.098333e-03
-6.434738e-04
3.033877e-04
-6.248442e-05
-7.220844e-04
-1.370707e-03
-3.594442e-03
-6.948859e-03
-6.963651e-03
-9.789894e-04
6.536372e-03
8.485183e-03
3.074666e-03
-5.120912e-03
-9.187016e-03
-4.488227e-03
5.566112e-03
9.529566e-03
1.909875e-03
-6.218859e-03
-3.814492e-03
-1.357141e-03
-1.377476e-02
-2.686859e-02
-1.386275e-02
1.343554e-02
1.305201e-02
-1.599770e-02
-2.089339e-02
2.063490e-02
5.364021e-02
2.408189e-02
-4.016053e-02
-7.441790e-02
-6.583442e-02
-4.448378e-02
-1.918504e-02
1.945176e-02
5.508205e-02
6.048068e-02
4.041059e-02
1.565766e-02
-1.206925e-02
-3.837671e-02
-3.415602e-02
7.540535e-03
4.089086e-02
3.165086e-02
5.475720e-03
-1.703684e-02
-6.701865e-02
-1.409213e-01
-1.456005e-01
-2.875145e-02
1.035783e-01
1.161558e-01
3.555556e-02
-1.223700e-02
-3.278864e-03
-1.522661e-02
-6.528794e-02
-9.653975e-02
-9.859238e-02
-9.557307e-02
-4.653096e-02
8.169977e-02
1.792978e-01
1.212239e-01
5.538677e-03
4.464085e-02
2.192633e-01
2.887171e-01
1.826935e-01
1.113370e-01
1.924099e-01
2.443452e-01
1.084526e-01
-7.246974e-02
-1.059222e-01
-6.923096e-02
-1.322985e-01
-2.304064e-01
-1.952547e-01
-9.914991e-02
-1.584459e-01
-3.300123e-01
-3.183250e-01
-3.956814e-02
2.001555e-01
1.261008e-01
-1.125275e-01
-1.610313e-01
4.373123e-02
2.111997e-01
1.332780e-01
-1.655499e-02
4.799052e-02
2.643943e-01
2.553980e-01
-1.204721e-01
-4.801846e-01
-3.908960e-01
1.172869e-02
1.949159e-01
-1.674099e-02
-2.354820e-01
-1.515232e-01
2.614071e-02
1.823134e-02
-6.913888e-03
2.327059e-01
5.368823e-01
4.568463e-01
1.711111e-02
-2.984232e-01
-2.732448e-01
-1.681647e-01
-1.389421e-01
1.892877e-02
3.453193e-01
4.508359e-01
1.113091e-01
-2.968917e-01
-3.536371e-01
-2.271774e-01
-2.925311e-01
-4.279558e-01
-2.479006e-01
1.534965e-01
2.966583e-01
9.709695e-02
-4.333892e-02
3.455932e-02
2.030672e-02
-2.118352e-01
-2.851440e-01
6.620039e-02
5.286043e-01
6.789386e-01
5.505312e-01
4.065799e-01
2.838219e-01
1.051677e-01
-4.475800e-02
-1.009056e-01
-2.018447e-01
-3.547316e-01
-2.274908e-01
3.130516e-01
7.714995e-01
6.581205e-01
2.892830e-01
3.062761e-01
5.548356e-01
2.409668e-01
-7.079244e-01
-1.258341e+00
-6.426287e-01
5.167497e-01
1.011045e+00
5.634781e-01
-5.935971e-02
-2.231378e-01
-7.488590e-02
-2.716536e-02
-1.722561e-01
-3.983761e-01
-6.638003e-01
-8.698044e-01
-7.330756e-01
-1.097496e-01
6.695081e-01
1.069199e+00
9.241984e-01
5.258043e-01
1.608342e-01
-1.797866e-01
-5.802866e-01
-9.393151e-01
-1.086234e+00
-1.005012e+00
-7.898578e-01
-4.890023e-01
-1.345484e-01
1.649317e-01
2.995583e-01
2.661927e-01
1.278589e-01
-2.652127e-02
-4.281725e-02
1.665646e-01
3.729393e-01
2.209342e-01
-1.577895e-01
-1.127135e-01
5.991088e-01
1.284371e+00
1.167792e+00
4.857273e-01
1.478726e-01
4.578487e-01
7.701723e-01
4.159487e-01
-5.414588e-01
-1.499875e+00
-1.836664e+00
-1.280066e+00
-2.331996e-01
3.299818e-01
-1.831088e-01
-1.161433e+00
-1.463379e+00
-8.798985e-01
-2.976388e-01
-3.652440e-01
-7.021338e-01
-6.492087e-01
-1.816432e-01
2.576757e-01
4.003950e-01
3.477702e-01
3.948965e-01
7.365831e-01
1.094544e+00
8.271637e-01
-1.254025e-01
-7.284122e-01
-6.921659e-02
1.155737e+00
1.403810e+00
4.664016e-01
-3.217221e-01
-1.972265e-01
6.021876e-02
-2.694117e-01
-6.388968e-01
-4.345490e-01
-1.803636e-01
-4.981778e-01
-8.355277e-01
-3.981950e-01
3.810521e-01
5.022117e-01
-7.317374e-04
-2.702250e-01
-4.472898e-02
2.324783e-01
4.139617e-01
6.725650e-01
7.408182e-01
1.914667e-01
-6.237636e-01
-9.050670e-01
-6.185813e-01
-4.413623e-01
-5.406225e-01
-3.839067e-01
1.746808e-01
5.835422e-01
5.602583e-01
4.977273e-01
6.365461e-01
6.171724e-01
2.024533e-01
-2.192524e-01
-2.366418e-01
7.373157e-03
1.900170e-01
2.932857e-01
3.563962e-01
1.493137e-01
-4.793191e-01
-1.154441e+00
-1.269219e+00
-6.959739e-01
2.494913e-02
2.410244e-01
-1.450780e-01
-5.899755e-01
-4.972075e-01
1.471837e-01
8.134255e-01
1.045643e+00
8.450653e-01
4.714042e-01
1.579096e-01
5.729966e-02
1.443959e-01
1.163606e-01
-2.561572e-01
-6.524440e-01
-5.360082e-01
-1.644981e-02
2.030691e-01
-1.162857e-01
-3.958820e-01
-1.903508e-01
2.016596e-01
4.208185e-01
6.149977e-01
8.653489e-01
7.728298e-01
1.998431e-01
-2.452871e-01
-1.028126e-01
1.959360e-01
1.395978e-01
7.478572e-03
1.588032e-01
1.489794e-01
-4.876432e-01
-1.150544e+00
-9.346863e-01
-6.673842e-02
4.799083e-01
4.677402e-01
4.036260e-01
3.370182e-01
-1.692891e-01
-9.439951e-01
-1.221715e+00
-8.385070e-01
-4.231340e-01
-3.047122e-01
-1.749199e-01
5.425174e-02
5.724982e-03
-3.526607e-01
-5.203407e-01
-3.091672e-01
-8.029602e-02
6.488251e-02
5.204794e-01
1.332374e+00
1.876212e+00
1.713084e+00
1.133621e+00
5.640736e-01
3.493258e-02
-4.830351e-01
-7.949458e-01
-8.340146e-01
-8.047393e-01
-7.402247e-01
-3.996349e-01
1.959289e-01
6.262659e-01
6.788641e-01
6.157765e-01
6.440383e-01
6.020589e-01
3.761792e-01
1.572693e-01
6.123000e-02
-6.570388e-02
-2.480196e-01
-2.235985e-01
6.777128e-02
2.361137e-01
-2.807117e-02
-4.673289e-01
-5.686279e-01
-1.747322e-01
3.988289e-01
7.316504e-01
6.871260e-01
4.972887e-01
4.198524e-01
2.840397e-01
-3.467690e-01
-1.380212e+00
-1.963249e+00
-1.462063e+00
-3.519793e-01
3.702975e-01
3.822759e-01
9.710255e-02
-1.683345e-01
-3.942071e-01
-4.247328e-01
-1.005319e-01
2.251631e-01
2.031863e-02
-5.663909e-01
-8.437826e-01
-5.756848e-01
-1.754255e-01
8.109556e-02
3.151258e-01
4.967053e-01
4.119420e-01
2.795118e-01
6.073177e-01
1.245951e+00
1.370546e+00
6.846730e-01
-1.013966e-01
-3.310941e-01
-2.263370e-01
-2.484346e-01
-3.164087e-01
-1.782607e-01
1.712820e-03
-9.968642e-03
-1.064099e-02
2.533121e-01
5.265350e-01
3.792350e-01
-1.390691e-01
-6.085335e-01
-7.783152e-01
-6.296873e-01
-1.802112e-01
3.416062e-01
3.805514e-01
-3.510391e-01
-1.264034e+00
-1.403566e+00
-6.146554e-01
2.471949e-01
3.913015e-01
-2.124884e-02
-2.880232e-01
-1.187091e-01
2.016387e-01
4.232268e-01
6.213014e-01
8.141158e-01
7.509361e-01
3.427639e-01
-5.824955e-02
-1.781023e-01
-3.055533e-01
-7.567240e-01
-1.104426e+00
-6.266101e-01
5.165021e-01
1.276004e+00
1.028715e+00
2.542991e-01
-2.759056e-01
-3.300389e-01
-2.938608e-02
4.436682e-01
6.504640e-01
1.703862e-01
-5.396341e-01
-3.733384e-01
8.219111e-01
1.726102e+00
1.318110e+00
3.147629e-01
-4.613595e-02
1.366751e-01
-8.296816e-02
-7.496578e-01
-1.039453e+00
-7.530361e-01
-5.163226e-01
-5.500146e-01
-3.866459e-01
1.095591e-01
4.666722e-01
4.958074e-01
5.501570e-01
7.312475e-01
6.700153e-01
2.803213e-01
-3.103345e-02
-8.363501e-02
-1.444687e-01
-2.684337e-01
-1.124122e-01
3.824189e-01
7.301199e-01
5.408713e-01
-4.050657e-02
-6.251832e-01
-8.762894e-01
-5.662707e-01
1.450541e-01
5.731032e-01
2.117066e-01
-5.266992e-01
-8.470775e-01
-6.612937e-01
-4.550389e-01
-2.809554e-01
2.289838e-01
8.833454e-01
8.970454e-01
3.804595e-02
-9.273490e-01
-1.165487e+00
-6.178001e-01
1.674609e-01
5.542058e-01
2.138113e-01
-5.080745e-01
-7.818109e-01
-3.306572e-01
1.063815e-01
-4.168427e-02
-1.554693e-01
4.492886e-01
1.043831e+00
5.283418e-01
-5.103283e-01
-4.969943e-01
4.875974e-01
6.465963e-01
-6.259126e-01
-1.636520e+00
-9.329029e-01
6.663016e-01
1.553890e+00
1.482122e+00
1.130035e+00
6.503138e-01
-1.405235e-01
-8.827183e-01
-1.065808e+00
-7.987268e-01
-4.288196e-01
3.590176e-02
5.013423e-01
4.860268e-01
-1.030480e-01
-5.919086e-01
-5.268650e-01
-2.625117e-01
-2.360093e-02
6.174183e-01
1.594719e+00
1.777594e+00
5.714447e-01
-8.529988e-01
-1.077487e+00
-3.797972e-01
2.493466e-02
-6.283318e-02
5.884640e-02
5.128857e-01
8.174342e-01
9.195662e-01
1.002098e+00
6.847532e-01
-2.996869e-01
-1.075124e+00
-6.923994e-01
1.270667e-01
-1.185341e-01
-1.290991e+00
-1.793581e+00
-1.190872e+00
-8.119444e-01
-1.358689e+00
-1.729945e+00
-1.011368e+00
-2.586557e-02
1.729626e-01
2.026298e-02
3.985774e-01
9.406843e-01
7.926445e-01
3.435892e-01
6.668314e-01
1.551070e+00
1.594920e+00
3.895781e-01
-7.053651e-01
-4.627516e-01
5.161179e-01
7.505378e-01
-4.769419e-02
-7.306716e-01
-4.677580e-01
8.083944e-02
-1.869750e-01
-1.053712e+00
-1.115272e+00
1.856830e-01
1.515930e+00
1.338198e+00
5.841899e-02
-5.635756e-01
7.466592e-02
7.653618e-01
5.479810e-01
5.998213e-02
1.243518e-01
2.091854e-01
-5.278411e-01
-1.498475e+00
-1.399332e+00
-2.632138e-01
6.078516e-01
6.294510e-01
4.602567e-01
4.558667e-01
5.758940e-02
-8.273270e-01
-1.192215e+00
-4.515044e-01
5.046641e-01
6.795420e-01
4.568242e-01
6.822385e-01
1.059028e+00
7.113602e-01
-1.576035e-01
-5.033786e-01
-1.336327e-01
1.238371e-01
-4.302157e-02
9.050168e-03
5.273547e-01
7.450867e-01
1.154903e-01
-7.805545e-01
-1.142954e+00
-1.009038e+00
-8.263125e-01
-6.423912e-01
-3.316095e-01
-6.175491e-02
6.154281e-02
2.980191e-01
6.506807e-01
5.153651e-01
-3.656522e-01
-1.169976e+00
-1.068827e+00
-5.538661e-01
-6.506673e-01
-1.115269e+00
-6.787457e-01
8.176588e-01
1.804873e+00
1.055920e+00
-6.005532e-01
-1.415155e+00
-9.152800e-01
-1.099169e-01
1.239324e-01
-5.443798e-02
-1.196184e-01
5.797597e-02
3.643630e-01
7.732186e-01
1.151910e+00
1.096871e+00
3.736506e-01
-6.316080e-01
-1.240874e+00
-1.208629e+00
-8.471452e-01
-4.809169e-01
-9.814764e-02
3.947301e-01
8.744184e-01
1.136355e+00
1.147099e+00
9.932301e-01
7.134924e-01
3.391257e-01
-6.397568e-03
-1.937814e-01
-2.028540e-01
-8.112185e-02
8.409397e-02
1.152164e-01
-1.005730e-01
-3.273709e-01
-1.780689e-01
2.329120e-01
2.332702e-01
-4.800873e-01
-1.241521e+00
-1.234652e+00
-6.306593e-01
-3.242482e-01
-6.670217e-01
-1.058609e+00
-8.047898e-01
1.158823e-01
1.161725e+00
1.674802e+00
1.270704e+00
2.606093e-01
-3.692466e-01
7.361846e-02
1.064987e+00
1.457987e+00
9.689244e-01
4.299100e-01
5.063217e-01
8.676871e-01
8.685256e-01
4.470571e-01
1.095741e-02
-1.602260e-01
-1.333663e-01
-2.026269e-01
-5.998910e-01
-1.058098e+00
-8.771841e-01
7.716448e-02
7.638364e-01
1.724521e-01
-1.086304e+00
-1.450802e+00
-6.196106e-01
1.334323e-01
2.822378e-02
-2.003780e-01
1.508730e-01
5.421039e-01
3.637618e-01
1.414403e-01
5.059655e-01
9.045572e-01
5.145773e-01
-2.647447e-01
-4.282879e-01
3.576509e-02
3.079381e-01
1.170373e-01
-1.391975e-01
-3.515747e-01
-6.930523e-01
-8.579297e-01
-3.673612e-01
4.568941e-01
8.038990e-01
6.031003e-01
5.033328e-01
6.650629e-01
5.536150e-01
1.180575e-02
-4.176814e-01
-4.447478e-01
-4.454882e-01
-6.489167e-01
-6.860243e-01
-3.029510e-01
1.258844e-01
1.797076e-01
-3.101777e-02
-2.143642e-01
-3.610140e-01
-4.939433e-01
-3.462207e-01
2.797498e-01
1.033203e+00
1.275926e+00
8.049789e-01
1.069497e-01
-1.445504e-01
2.202521e-01
7.047558e-01
6.879605e-01
8.890195e-02
-6.081748e-01
-9.358215e-01
-8.421132e-01
-5.370618e-01
-2.443479e-01
-1.455222e-01
-2.436638e-01
-2.288064e-01
1.590839e-01
6.084317e-01
5.515091e-01
6.051499e-02
-1.622552e-01
1.547548e-01
4.589874e-01
2.979184e-01
-6.038849e-02
-2.854303e-01
-5.340222e-01
-8.692475e-01
-8.541610e-01
-3.181233e-01
1.340447e-01
1.833064e-02
-2.614183e-01
-2.080524e-01
-1.037978e-01
-2.991080e-01
-3.203143e-01
3.374780e-01
1.085334e+00
9.778060e-01
1.762253e-01
-3.832114e-01
-4.498122e-01
-4.879036e-01
-5.030578e-01
-2.476877e-02
7.902236e-01
1.160849e+00
8.807213e-01
5.363845e-01
4.413770e-01
2.997679e-01
4.728941e-02
8.279171e-02
4.532045e-01
6.623749e-01
5.148034e-01
3.556366e-01
2.638647e-01
-1.837233e-01
-1.060130e+00
-1.743775e+00
-1.759217e+00
-1.337580e+00
-8.601115e-01
-3.491114e-01
2.065183e-01
5.914221e-01
7.265108e-01
8.053536e-01
8.426845e-01
5.735100e-01
6.015209e-04
-4.566467e-01
-5.681875e-01
-5.723940e-01
-6.608244e-01
-6.680200e-01
-4.804257e-01
-2.857159e-01
-1.939455e-01
-4.908111e-02
1.655087e-01
1.683969e-01
-1.202902e-01
-3.092852e-01
-5.816573e-02
4.104799e-01
5.807571e-01
2.475094e-01
-3.224293e-01
-7.119752e-01
-7.508286e-01
-6.467392e-01
-6.583469e-01
-6.049295e-01
-1.452959e-03
1.110601e+00
1.866526e+00
1.547217e+00
5.336510e-01
-2.071042e-01
-3.051265e-01
-9.781553e-02
1.448968e-01
3.979572e-01
4.641415e-01
1.445991e-01
-2.112631e-01
-3.665305e-02
5.612039e-01
9.014361e-01
7.184778e-01
3.817511e-01
1.416880e-01
-1.148771e-01
-3.265419e-01
-2.533028e-01
-1.207138e-01
-4.749938e-01
-1.197344e+00
-1.445147e+00
-8.626550e-01
-1.116301e-01
1.488627e-01
1.009646e-01
1.717096e-01
2.721598e-01
1.569169e-01
-4.897241e-03
1.900442e-02
1.874914e-02
-2.711523e-01
-6.001443e-01
-5.195809e-01
-3.876580e-02
4.547616e-01
7.028479e-01
6.366715e-01
2.135009e-01
-3.600985e-01
-4.844159e-01
2.131000e-01
1.195319e+00
1.471370e+00
7.911811e-01
-5.235919e-02
-2.437980e-01
1.280709e-01
4.016888e-01
2.690403e-01
-2.555887e-02
-2.578370e-01
-5.068004e-01
-7.784424e-01
-7.966573e-01
-4.465167e-01
-7.222776e-02
4.661307e-02
2.054624e-01
7.405830e-01
1.217779e+00
8.533814e-01
-2.691538e-01
-1.118812e+00
-1.006582e+00
-3.167488e-01
2.252836e-01
3.516900e-01
1.037237e-01
-3.848196e-01
-6.444683e-01
-1.761126e-01
5.991613e-01
5.161957e-01
-6.755929e-01
-1.686851e+00
-1.428995e+00
-5.311377e-01
-2.068924e-01
-3.897926e-01
-1.572980e-01
5.462172e-01
9.086699e-01
7.145672e-01
5.617366e-01
6.580557e-01
5.370415e-01
6.056094e-02
-3.066869e-01
-3.759376e-01
-4.901024e-01
-7.376459e-01
-7.376067e-01
-3.911782e-01
-9.403506e-02
-2.395214e-02
7.778877e-02
2.494001e-01
1.236820e-01
-3.848120e-01
-7.995676e-01
-7.002042e-01
-1.692121e-01
4.490817e-01
7.968830e-01
5.708958e-01
-1.325269e-01
-6.232274e-01
-3.313684e-01
3.911740e-01
7.619210e-01
6.637851e-01
5.426347e-01
4.158138e-01
-1.134802e-01
-8.606985e-01
-1.000515e+00
-2.200504e-01
7.765977e-01
1.134894e+00
6.989666e-01
-6.851929e-02
-5.230472e-01
-2.499225e-01
4.725654e-01
8.019777e-01
4.076545e-01
4.910102e-03
1.749871e-01
2.927814e-01
-3.536885e-01
-1.029734e+00
-5.764364e-01
4.621590e-01
4.743786e-01
-5.245281e-01
-7.274188e-01
5.620770e-01
1.702746e+00
1.169190e+00
-3.558354e-01
-1.329130e+00
-1.446384e+00
-1.280287e+00
-9.134436e-01
-1.457163e-01
6.540250e-01
9.527447e-01
8.152553e-01
5.317329e-01
7.516863e-02
-4.458545e-01
-4.981033e-01
6.109659e-02
5.781781e-01
5.912597e-01
4.252753e-01
2.527213e-01
-4.146728e-01
-1.531431e+00
-1.904695e+00
-8.258773e-01
6.061013e-01
9.421654e-01
3.669855e-01
3.101415e-02
1.373032e-01
1.696337e-02
-4.454778e-01
-7.952006e-01
-1.001688e+00
-1.223218e+00
-1.010501e+00
-4.062330e-02
7.922717e-01
4.605720e-01
-3.659850e-01
-1.519566e-01
1.035120e+00
1.615860e+00
1.109969e+00
8.138439e-01
1.447754e+00
1.930547e+00
1.320270e+00
3.944203e-01
1.987055e-01
3.234792e-01
-9.575482e-02
-6.855968e-01
-5.773345e-01
-1.535153e-01
-5.213795e-01
-1.511706e+00
-1.696332e+00
-5.721817e-01
5.535664e-01
3.897185e-01
-5.669424e-01
-8.506985e-01
-9.427807e-02
6.077568e-01
3.878738e-01
-1.419662e-01
1.499657e-01
1.106083e+00
1.295996e+00
4.945427e-02
-1.363608e+00
-1.331392e+00
-1.326930e-01
5.078078e-01
-8.656691e-02
-7.821632e-01
-6.180052e-01
-1.938713e-01
-3.133378e-01
-4.304921e-01
3.338017e-01
1.416061e+00
1.470796e+00
4.415100e-01
-4.257801e-01
-5.296840e-01
-4.728964e-01
-5.576960e-01
-1.833678e-01
7.632541e-01
1.247235e+00
6.119710e-01
-3.080885e-01
-5.138563e-01
-3.553857e-01
-6.606032e-01
-1.127256e+00
-8.543090e-01
-8.799541e-03
3.689809e-01
5.153823e-02
-1.680852e-01
1.203129e-02
-5.579486e-02
-6.304194e-01
-9.376280e-01
-3.835863e-01
5.061332e-01
9.425732e-01
9.212206e-01
8.364185e-01
7.123201e-01
4.316503e-01
1.747850e-01
4.002754e-02
-2.531394e-01
-7.065932e-01
-6.694783e-01
1.777889e-01
1.028467e+00
1.010425e+00
5.738997e-01
7.541750e-01
1.325393e+00
9.704454e-01
-5.612499e-01
-1.717880e+00
-1.158154e+00
4.345373e-01
1.340505e+00
9.848968e-01
2.640948e-01
3.641946e-02
1.993790e-01
2.747134e-01
1.257537e-01
-1.749963e-01
-6.381181e-01
-1.136099e+00
-1.226688e+00
-6.059715e-01
3.966212e-01
1.104734e+00
1.221888e+00
1.000519e+00
7.328866e-01
4.010528e-01
-8.882130e-02
-6.147195e-01
-9.653234e-01
-1.086679e+00
-1.038218e+00
-8.365132e-01
-5.012953e-01
-1.548751e-01
6.417645e-02
1.146756e-01
1.796205e-02
-1.509367e-01
-1.986573e-01
1.595976e-02
2.608531e-01
1.164617e-01
-3.318372e-01
-3.896446e-01
3.080653e-01
1.130242e+00
1.225658e+00
7.006286e-01
4.306895e-01
8.134526e-01
1.297668e+00
1.169280e+00
3.204561e-01
-7.790406e-01
-1.449681e+00
-1.198885e+00
-2.369762e-01
4.521244e-01
8.398598e-02
-9.080324e-01
-1.381915e+00
-9.854858e-01
-4.946214e-01
-5.865995e-01
-9.795027e-01
-1.043891e+00
-6.829690e-01
-2.676824e-01
-8.581632e-02
-1.036182e-01
-2.747149e-02
4.143715e-01
9.708039e-01
8.842665e-01
-6.095920e-02
-8.278475e-01
-3.125274e-01
9.666605e-01
1.440566e+00
7.211765e-01
1.843864e-02
1.216993e-01
3.356517e-01
-2.679292e-02
-4.313180e-01
-2.713007e-01
-7.466781e-02
-4.835710e-01
-9.471678e-01
-6.141582e-01
1.535840e-01
3.509588e-01
-7.752632e-02
-3.534934e-01
-2.014662e-01
2.409049e-02
2.560272e-01
6.748943e-01
9.423029e-01
5.273181e-01
-2.843585e-01
-6.783113e-01
-5.524987e-01
-5.290279e-01
-7.606047e-01
-7.082823e-01
-2.009244e-01
2.310252e-01
2.933105e-01
3.480592e-01
6.141645e-01
7.128092e-01
3.709629e-01
-5.516550e-02
-1.397311e-01
3.729864e-02
2.170992e-01
4.048651e-01
6.135480e-01
5.416528e-01
-5.891595e-02
-8.710276e-01
-1.233600e+00
-8.698210e-01
-2.058411e-01
7.237574e-02
-2.744182e-01
-8.013905e-01
-8.704457e-01
-3.357651e-01
3.697092e-01
7.761160e-01
7.838801e-01
5.520135e-01
2.893811e-01
2.023880e-01
3.219314e-01
3.317578e-01
-6.006504e-02
-5.544961e-01
-5.549030e-01
-9.475553e-02
1.281873e-01
-1.882493e-01
-5.193054e-01
-4.091171e-01
-9.710244e-02
1.175183e-01
4.063225e-01
8.198450e-01
8.849743e-01
3.951383e-01
-5.372127e-02
4.215798e-02
3.050895e-01
2.543599e-01
1.795434e-01
4.263786e-01
4.927438e-01
-1.700219e-01
-9.924752e-01
-9.950362e-01
-2.736117e-01
2.798237e-01
4.113318e-01
5.500752e-01
6.591903e-01
2.302880e-01
-6.025980e-01
-1.050673e+00
-8.693459e-01
-6.018548e-01
-5.410182e-01
-3.973412e-01
-1.265573e-01
-1.489698e-01
-5.287991e-01
-7.783494e-01
-6.990998e-01
-6.236492e-01
-6.097417e-01
-2.023626e-01
7.056628e-01
1.505012e+00
1.691526e+00
1.439091e+00
1.079834e+00
6.200673e-01
5.920864e-02
-3.722316e-01
-5.860838e-01
-7.669829e-01
-9.119123e-01
-7.300012e-01
-2.013572e-01
2.610616e-01
4.144007e-01
4.756641e-01
6.208912e-01
6.795311e-01
5.367910e-01
3.758287e-01
2.990011e-01
1.454214e-01
-9.598148e-02
-1.246664e-01
1.615532e-01
3.736905e-01
1.412567e-01
-3.517220e-01
-5.922192e-01
-3.298941e-01
2.200455e-01
6.502965e-01
7.627448e-01
7.444532e-01
8.572318e-01
9.111451e-01
3.690243e-01
-7.886673e-01
-1.698407e+00
-1.563148e+00
-6.656454e-01
6.930223e-02
2.369195e-01
1.035269e-01
-1.121699e-01
-3.876535e-01
-4.887770e-01
-1.757180e-01
2.108346e-01
7.239233e-02
-5.273581e-01
-9.239124e-01
-8.278150e-01
-5.654888e-01
-3.578907e-01
-9.456236e-02
1.340819e-01
6.017358e-02
-8.672015e-02
2.785127e-01
1.073088e+00
1.443202e+00
9.759530e-01
2.801488e-01
9.419481e-03
1.525487e-02
-9.667058e-02
-2.276475e-01
-1.366319e-01
3.350204e-03
-3.878346e-02
-4.522254e-02
2.640728e-01
6.475095e-01
6.407765e-01
2.120870e-01
-2.892840e-01
-6.059045e-01
-6.231069e-01
-2.341271e-01
3.862775e-01
6.021873e-01
-4.462539e-02
-1.079110e+00
-1.485717e+00
-9.225980e-01
-1.134161e-01
1.114183e-01
-2.269812e-01
-5.109254e-01
-4.208365e-01
-1.635755e-01
6.407175e-02
3.501673e-01
6.934732e-01
7.948061e-01
5.127217e-01
1.814284e-01
8.350873e-02
-8.719713e-02
-6.935253e-01
-1.301190e+00
-1.067032e+00
8.969700e-03
9.267164e-01
9.419537e-01
3.438734e-01
-1.976708e-01
-3.897209e-01
-1.964645e-01
3.027419e-01
6.144419e-01
1.604452e-01
-6.819345e-01
-6.952097e-01
4.720304e-01
1.572212e+00
1.459566e+00
6.774940e-01
4.100426e-01
6.164463e-01
3.940292e-01
-3.257707e-01
-7.450972e-01
-6.350446e-01
-5.666781e-01
-7.341640e-01
-6.698524e-01
-2.308710e-01
1.278637e-01
2.206347e-01
3.829298e-01
6.920680e-01
7.555637e-01
4.606625e-01
1.891675e-01
1.124403e-01
-2.391557e-02
-2.440941e-01
-1.563896e-01
3.558590e-01
8.328995e-01
8.294036e-01
3.645589e-01
-2.699794e-01
-7.052788e-01
-5.659495e-01
1.206112e-01
6.686220e-01
4.509083e-01
-2.429756e-01
-6.509246e-01
-6.352053e-01
-6.060613e-01
-5.437206e-01
-1.511526e-02
8.125069e-01
1.081318e+00
3.966487e-01
-6.101952e-01
-1.076923e+00
-7.557762e-01
-1.757951e-02
4.962358e-01
2.913226e-01
-4.242316e-01
-8.026705e-01
-4.647629e-01
-1.031150e-01
-3.074737e-01
-4.436324e-01
2.330576e-01
9.863832e-01
5.984923e-01
-4.336342e-01
-4.652964e-01
5.554229e-01
8.145028e-01
-4.777560e-01
-1.743418e+00
-1.394434e+00
2.372499e-02
1.046471e+00
1.330702e+00
1.352126e+00
1.120564e+00
4.087388e-01
-4.174912e-01
-8.121611e-01
-8.005358e-01
-6.134442e-01
-1.807494e-01
3.841972e-01
5.022779e-01
-1.973160e-02
-5.553390e-01
-6.415539e-01
-5.828150e-01
-4.998866e-01
1.579425e-01
1.374874e+00
1.924431e+00
1.007169e+00
-3.725234e-01
-7.848352e-01
-3.356062e-01
-8.184887e-02
-2.151552e-01
-1.162152e-01
3.181014e-01
6.784101e-01
9.635572e-01
1.307296e+00
1.218199e+00
3.353223e-01
-4.839851e-01
-2.048065e-01
5.884806e-01
4.321106e-01
-6.677892e-01
-1.257741e+00
-8.608551e-01
-6.530315e-01
-1.312181e+00
-1.859030e+00
-1.409552e+00
-6.383644e-01
-4.870134e-01
-5.972704e-01
-1.995631e-01
3.597043e-01
2.836290e-01
-8.777958e-02
2.677854e-01
1.236225e+00
1.526492e+00
6.146348e-01
-3.907541e-01
-3.051248e-01
5.180949e-01
8.106555e-01
1.927294e-01
-4.241912e-01
-2.597268e-01
1.913937e-01
-7.433708e-02
-9.712280e-01
-1.252012e+00
-2.520340e-01
1.001054e+00
1.084912e+00
1.390526e-01
-4.108736e-01
5.504572e-02
6.391412e-01
5.421018e-01
2.436344e-01
3.992582e-01
5.400993e-01
-9.497905e-02
-1.063737e+00
-1.231486e+00
-4.867440e-01
1.986246e-01
3.326538e-01
3.713146e-01
5.181491e-01
2.491381e-01
-5.481267e-01
-1.025121e+00
-6.063727e-01
8.319311e-02
2.524251e-01
1.620873e-01
4.572508e-01
8.937342e-01
7.429508e-01
1.092075e-01
-2.001868e-01
1.208227e-02
1.523921e-01
-2.620385e-03
5.544951e-02
5.369648e-01
8.438652e-01
4.897149e-01
-1.650787e-01
-5.343386e-01
-5.914985e-01
-5.985305e-01
-5.544154e-01
-3.750640e-01
-2.040101e-01
-1.071116e-01
1.437278e-01
5.521656e-01
6.036358e-01
1.777107e-02
-6.246181e-01
-6.577588e-01
-3.878952e-01
-5.798683e-01
-1.080889e+00
-8.999866e-01
2.108392e-01
1.151363e+00
8.867338e-01
-1.916344e-01
-8.842831e-01
-7.237309e-01
-2.739090e-01
-1.246415e-01
-2.358408e-01
-3.022527e-01
-2.264918e-01
-3.261121e-02
3.146931e-01
7.355419e-01
9.019622e-01
5.590794e-01
-1.066489e-01
-6.384768e-01
-8.071948e-01
-7.498329e-01
-6.434622e-01
-4.686663e-01
-1.586711e-01
2.077378e-01
4.871341e-01
6.330266e-01
6.690232e-01
5.913006e-01
4.037123e-01
1.840000e-01
2.689920e-02
-2.876137e-02
1.998470e-02
1.333934e-01
1.763313e-01
3.912441e-02
-1.301014e-01
-3.908037e-02
2.762615e-01
3.569893e-01
-6.843860e-02
-6.193193e-01
-7.354279e-01
-4.475848e-01
-2.982391e-01
-5.645063e-01
-9.300145e-01
-9.383933e-01
-4.715003e-01
2.254130e-01
7.241979e-01
6.589805e-01
9.804545e-02
-3.591019e-01
-1.815075e-01
4.172732e-01
7.460174e-01
5.554634e-01
2.857774e-01
3.513887e-01
6.078433e-01
6.865542e-01
5.115168e-01
2.838387e-01
1.785863e-01
1.936347e-01
1.543210e-01
-1.244742e-01
-5.056006e-01
-5.115436e-01
3.162390e-02
5.233464e-01
2.716569e-01
-4.730732e-01
-8.023493e-01
-4.507991e-01
-8.155098e-02
-1.480300e-01
-2.691292e-01
-6.202667e-02
1.696045e-01
8.349600e-02
-1.813624e-02
2.336057e-01
5.294727e-01
3.776151e-01
-3.904143e-02
-1.627875e-01
5.716583e-02
2.120626e-01
1.515019e-01
4.982611e-02
-8.055717e-02
-3.461190e-01
-5.473520e-01
-3.691838e-01
5.268469e-02
2.791450e-01
2.432535e-01
2.676984e-01
4.293982e-01
4.371914e-01
1.930888e-01
-2.791082e-02
-7.040041e-02
-1.209273e-01
-2.901177e-01
-3.738960e-01
-2.197212e-01
-3.389029e-03
5.361512e-02
-2.027487e-02
-1.082909e-01
-2.232706e-01
-3.699671e-01
-3.783360e-01
-9.606533e-02
3.348653e-01
5.716733e-01
4.405874e-01
1.261026e-01
-2.419610e-02
1.407775e-01
4.244229e-01
5.038324e-01
2.780185e-01
-6.407395e-02
-2.932035e-01
-3.411994e-01
-2.625397e-01
-1.509625e-01
-1.175417e-01
-1.898634e-01
-2.113451e-01
-2.566748e-02
2.292316e-01
2.541271e-01
4.818258e-02
-5.776034e-02
9.247394e-02
2.618568e-01
2.351966e-01
1.147446e-01
2.635252e-02
-1.200920e-01
-3.445955e-01
-4.107512e-01
-2.065912e-01
-3.819799e-03
-4.166760e-02
-1.554278e-01
-1.323122e-01
-1.112112e-01
-2.496009e-01
-3.057375e-01
-1.032483e-02
3.887338e-01
4.374162e-01
1.532404e-01
-8.396690e-02
-1.641968e-01
-2.678528e-01
-3.609563e-01
-2.007335e-01
1.646891e-01
3.869680e-01
3.457952e-01
2.620848e-01
2.529331e-01
1.922445e-01
6.814132e-02
7.140183e-02
2.367228e-01
3.585781e-01
3.530844e-01
3.597536e-01
3.950592e-01
2.517787e-01
-1.308368e-01
-5.030321e-01
-6.447804e-01
-6.087965e-01
-5.139985e-01
-3.542073e-01
-1.311618e-01
5.519611e-02
1.667151e-01
2.776337e-01
3.802065e-01
3.447507e-01
1.537569e-01
-2.823879e-02
-9.969340e-02
-1.418588e-01
-2.199730e-01
-2.629388e-01
-2.242747e-01
-1.756746e-01
-1.542581e-01
-9.294052e-02
1.116026e-02
3.181686e-02
-8.012631e-02
-1.732841e-01
-9.172764e-02
1.075852e-01
2.276627e-01
1.561264e-01
-4.280977e-02
-2.171080e-01
-2.825025e-01
-3.053421e-01
-3.885273e-01
-4.566417e-01
-2.853944e-01
1.570992e-01
5.482659e-01
5.630716e-01
2.735513e-01
8.168763e-03
-7.419228e-02
-4.996664e-02
1.888360e-02
1.272070e-01
1.765880e-01
6.410512e-02
-8.903202e-02
-5.378570e-02
1.613230e-01
3.216648e-01
3.165804e-01
2.504459e-01
1.915200e-01
9.928893e-02
1.578918e-02
4.687010e-02
1.096200e-01
-1.729375e-02
-3.175255e-01
-4.875513e-01
-3.647762e-01
-1.452448e-01
-5.342232e-02
-4.597028e-02
4.102888e-03
5.856111e-02
3.517968e-02
-4.742979e-03
1.780824e-02
2.500656e-02
-8.421801e-02
-2.313454e-01
-2.549023e-01
-1.314707e-01
3.474305e-02
1.600171e-01
1.928404e-01
7.624370e-02
-1.440750e-01
-2.474189e-01
-5.530974e-02
2.965157e-01
4.687028e-01
3.223896e-01
7.247699e-02
-7.899172e-03
9.315944e-02
1.889928e-01
1.746944e-01
1.069879e-01
4.028894e-02
-5.802837e-02
-1.866627e-01
-2.438731e-01
-1.771957e-01
-8.985035e-02
-7.142298e-02
-2.063969e-02
1.862677e-01
4.148198e-01
3.850855e-01
7.190537e-02
-2.261771e-01
-2.662625e-01
-1.110470e-01
5.186266e-02
1.284426e-01
8.623674e-02
-6.766951e-02
-1.775782e-01
-4.529932e-02
2.289285e-01
2.647896e-01
-7.142115e-02
-4.195632e-01
-4.247795e-01
-2.270155e-01
-1.684902e-01
-2.418460e-01
-1.852719e-01
2.455791e-02
1.580087e-01
1.461137e-01
1.489307e-01
2.185923e-01
2.186960e-01
1.068275e-01
1.112580e-02
-1.710886e-02
-7.300468e-02
-1.758589e-01
-2.109807e-01
-1.430069e-01
-7.599665e-02
-5.530487e-02
-9.227893e-03
6.583054e-02
5.383202e-02
-8.658894e-02
-2.336675e-01
-2.593410e-01
-1.526772e-01
2.156172e-02
1.615529e-01
1.468835e-01
-3.350794e-02
-1.959797e-01
-1.575807e-01
1.874005e-02
1.342786e-01
1.494436e-01
1.666814e-01
1.707809e-01
3.553349e-02
-2.009217e-01
-3.051162e-01
-1.531331e-01
1.086321e-01
2.551130e-01
2.005816e-01
1.816655e-02
-1.283611e-01
-9.282336e-02
8.803880e-02
1.955034e-01
1.220805e-01
4.094860e-02
1.043074e-01
1.468520e-01
-2.922017e-02
-2.370547e-01
-1.553960e-01
1.012387e-01
1.125372e-01
-1.494689e-01
-2.306915e-01
8.665447e-02
4.275516e-01
3.881401e-01
7.237090e-02
-1.810246e-01
-2.837638e-01
-3.321944e-01
-3.115729e-01
-1.589677e-01
3.965035e-02
1.519587e-01
1.768371e-01
1.560192e-01
6.129460e-02
-8.089401e-02
-1.236793e-01
-1.051958e-02
1.173326e-01
1.538038e-01
1.670533e-01
1.738437e-01
2.671931e-02
-2.818039e-01
-4.539187e-01
-2.755241e-01
3.825952e-02
1.503053e-01
6.822876e-02
2.598143e-02
6.708394e-02
5.139255e-02
-4.434713e-02
-1.309866e-01
-2.160908e-01
-3.286135e-01
-3.377270e-01
