-1.543593e-02
-1.533842e-02
-1.524091e-02
-1.514338e-02
-1.504581e-02
-1.494820e-02
-1.485060e-02
-1.475307e-02
-1.465555e-02
-1.455789e-02
-1.446002e-02
-1.436195e-02
-1.426376e-02
-1.416551e-02
-1.406742e-02
-1.396984e-02
-1.387275e-02
-1.377557e-02
-1.367754e-02
-1.357846e-02
-1.347889e-02
-1.337962e-02
-1.328109e-02
-1.318280e-02
-1.308376e-02
-1.298358e-02
-1.288300e-02
-1.278286e-02
-1.268290e-02
-1.258288e-02
-1.248404e-02
-1.238769e-02
-1.229253e-02
-1.219584e-02
-1.209764e-02
-1.200085e-02
-1.190595e-02
-1.180880e-02
-1.170608e-02
-1.160076e-02
-1.149926e-02
-1.140501e-02
-1.131714e-02
-1.123353e-02
-1.115164e-02
-1.106761e-02
-1.097787e-02
-1.088189e-02
-1.078168e-02
-1.067970e-02
-1.057874e-02
-1.048142e-02
-1.038731e-02
-1.029226e-02
-1.019293e-02
-1.009023e-02
-9.986789e-03
-9.884857e-03
-9.789431e-03
-9.707902e-03
-9.640738e-03
-9.576253e-03
-9.501214e-03
-9.414365e-03
-9.323764e-03
-9.234192e-03
-9.144752e-03
-9.056639e-03
-8.974859e-03
-8.902538e-03
-8.839881e-03
-8.786585e-03
-8.737747e-03
-8.680543e-03
-8.605214e-03
-8.517567e-03
-8.429171e-03
-8.336115e-03
-8.220937e-03
-8.076692e-03
-7.913982e-03
-7.739943e-03
-7.546467e-03
-7.328361e-03
-7.099215e-03
-6.877120e-03
-6.665421e-03
-6.460451e-03
-6.268514e-03
-6.099423e-03
-5.949661e-03
-5.809619e-03
-5.685226e-03
-5.593639e-03
-5.533688e-03
-5.477499e-03
-5.401099e-03
-5.311894e-03
-5.233745e-03
-5.171504e-03
-5.104694e-03
-5.016569e-03
-4.914921e-03
-4.814732e-03
-4.709549e-03
-4.577731e-03
-4.420178e-03
-4.274476e-03
-4.176598e-03
-4.117613e-03
-4.057260e-03
-3.977220e-03
-3.898658e-03
-3.843449e-03
-3.803197e-03
-3.760135e-03
-3.715054e-03
-3.670470e-03
-3.602419e-03
-3.480485e-03
-3.312670e-03
-3.142949e-03
-3.002874e-03
-2.889928e-03
-2.793604e-03
-2.710978e-03
-2.626263e-03
-2.506821e-03
-2.342100e-03
-2.166053e-03
-2.019499e-03
-1.908114e-03
-1.819250e-03
-1.759444e-03
-1.742239e-03
-1.749627e-03
-1.741471e-03
-1.703453e-03
-1.655530e-03
-1.611745e-03
-1.564309e-03
-1.514647e-03
-1.485972e-03
-1.485617e-03
-1.478446e-03
-1.418219e-03
-1.289902e-03
-1.106337e-03
-8.819183e-04
-6.289219e-04
-3.652133e-04
-1.057848e-04
1.437486e-04
3.732930e-04
5.675599e-04
7.392731e-04
9.424871e-04
1.223047e-03
1.569614e-03
1.945305e-03
2.351819e-03
2.814012e-03
3.300497e-03
3.716385e-03
4.006635e-03
4.232818e-03
4.510871e-03
4.890224e-03
5.326120e-03
5.756276e-03
6.164314e-03
6.565059e-03
6.963282e-03
7.344476e-03
7.686027e-03
7.961394e-03
8.149976e-03
8.265446e-03
8.370137e-03
8.541974e-03
8.820926e-03
9.192494e-03
9.616838e-03
1.005746e-02
1.048030e-02
1.084531e-02
1.111658e-02
1.127942e-02
1.134196e-02
1.132570e-02
1.126075e-02
1.118253e-02
1.112100e-02
1.108962e-02
1.108506e-02
1.109348e-02
1.109944e-02
1.110132e-02
1.112005e-02
1.117626e-02
1.125477e-02
1.131769e-02
1.136954e-02
1.148150e-02
1.172208e-02
1.207964e-02
1.248597e-02
1.290728e-02
1.337458e-02
1.391908e-02
1.450538e-02
1.503772e-02
1.542028e-02
1.561936e-02
1.569063e-02
1.573878e-02
1.582012e-02
1.588334e-02
1.583062e-02
1.563176e-02
1.534510e-02
1.502887e-02
1.467632e-02
1.425374e-02
1.376644e-02
1.326117e-02
1.278187e-02
1.234280e-02
1.193870e-02
1.157429e-02
1.128373e-02
1.110282e-02
1.100483e-02
1.089448e-02
1.071150e-02
1.052178e-02
1.044784e-02
1.051447e-02
1.062794e-02
1.070943e-02
1.077140e-02
1.083958e-02
1.088102e-02
1.085876e-02
1.079324e-02
1.070988e-02
1.057690e-02
1.036057e-02
1.010460e-02
9.886943e-03
9.719699e-03
9.552578e-03
9.358629e-03
9.160403e-03
8.985620e-03
8.852429e-03
8.786691e-03
8.795229e-03
8.823110e-03
8.788810e-03
8.664198e-03
8.477924e-03
8.247710e-03
7.963629e-03
7.641352e-03
7.336739e-03
7.090676e-03
6.900835e-03
6.760961e-03
6.684938e-03
6.670827e-03
6.677158e-03
6.661758e-03
6.622890e-03
6.584955e-03
6.566217e-03
6.577004e-03
6.623625e-03
6.685373e-03
6.699385e-03
6.598148e-03
6.370185e-03
6.072821e-03
5.778146e-03
5.507770e-03
5.223081e-03
4.879590e-03
4.486574e-03
4.108472e-03
3.811908e-03
3.620104e-03
3.513002e-03
3.453236e-03
3.409456e-03
3.371602e-03
3.348383e-03
3.336996e-03
3.300189e-03
3.198332e-03
3.043070e-03
2.886359e-03
2.750151e-03
2.602509e-03
2.415474e-03
2.209601e-03
2.024088e-03
1.880853e-03
1.799313e-03
1.804504e-03
1.887173e-03
1.990022e-03
2.068538e-03
2.136968e-03
2.225187e-03
2.327562e-03
2.430880e-03
2.550274e-03
2.684761e-03
2.770680e-03
2.741739e-03
2.619526e-03
2.490834e-03
2.410329e-03
2.376793e-03
2.383815e-03
2.424735e-03
2.448921e-03
2.378904e-03
2.186910e-03
1.911261e-03
1.593494e-03
1.245452e-03
8.801132e-04
5.203951e-04
1.614450e-04
-2.325756e-04
-6.784348e-04
-1.155015e-03
-1.639429e-03
-2.117160e-03
-2.542647e-03
-2.834701e-03
-2.938939e-03
-2.871673e-03
-2.690848e-03
-2.453421e-03
-2.212306e-03
-2.019298e-03
-1.905589e-03
-1.875086e-03
-1.924862e-03
-2.048464e-03
-2.211835e-03
-2.355417e-03
-2.436177e-03
-2.448855e-03
-2.399760e-03
-2.286065e-03
-2.111969e-03
-1.900059e-03
-1.672228e-03
-1.438077e-03
-1.210302e-03
-1.007132e-03
-8.261275e-04
-6.381500e-04
-4.263655e-04
-2.171927e-04
-5.455720e-05
5.141104e-05
1.401016e-04
2.688706e-04
4.710001e-04
7.420378e-04
1.063000e-03
1.426143e-03
1.817885e-03
2.175146e-03
2.394581e-03
2.417887e-03
2.295183e-03
2.137475e-03
2.016993e-03
1.934935e-03
1.862782e-03
1.773991e-03
1.645975e-03
1.475681e-03
1.295529e-03
1.138090e-03
9.828774e-04
7.712215e-04
4.753830e-04
1.221715e-04
-2.483870e-04
-6.106404e-04
-9.411857e-04
-1.221865e-03
-1.461154e-03
-1.672297e-03
-1.822513e-03
-1.847938e-03
-1.736112e-03
-1.555624e-03
-1.385080e-03
-1.247450e-03
-1.132258e-03
-1.041714e-03
-9.826152e-04
-9.411470e-04
-8.993120e-04
-8.582783e-04
-8.181132e-04
-7.524213e-04
-6.338804e-04
-4.772205e-04
-3.342719e-04
-2.519812e-04
-2.473264e-04
-3.054449e-04
-3.813889e-04
-4.229768e-04
-4.263139e-04
-4.645595e-04
-6.290130e-04
-9.336274e-04
-1.299512e-03
-1.640481e-03
-1.942125e-03
-2.245698e-03
-2.577878e-03
-2.921733e-03
-3.245229e-03
-3.526207e-03
-3.744859e-03
-3.881904e-03
-3.943660e-03
-3.970943e-03
-4.003857e-03
-4.054385e-03
-4.135272e-03
-4.291637e-03
-4.558249e-03
-4.887326e-03
-5.164557e-03
-5.313992e-03
-5.360361e-03
-5.381104e-03
-5.429241e-03
-5.510188e-03
-5.593877e-03
-5.633004e-03
-5.606889e-03
-5.563540e-03
-5.573959e-03
-5.621516e-03
-5.586686e-03
-5.379051e-03
-5.039409e-03
-4.668095e-03
-4.301200e-03
-3.920441e-03
-3.547784e-03
-3.249896e-03
-3.055759e-03
-2.936730e-03
-2.869137e-03
-2.856350e-03
-2.882033e-03
-2.896564e-03
-2.864232e-03
-2.782124e-03
-2.644805e-03
-2.434165e-03
-2.156328e-03
-1.850264e-03
-1.547108e-03
-1.252119e-03
-9.713819e-04
-7.172925e-04
-4.742489e-04
-1.927678e-04
1.619209e-04
5.708922e-04
9.760083e-04
1.318802e-03
1.574162e-03
1.773090e-03
1.986719e-03
2.257855e-03
2.550356e-03
2.790383e-03
2.945898e-03
3.035479e-03
3.079752e-03
3.096124e-03
3.135591e-03
3.263587e-03
3.481484e-03
3.703381e-03
3.832738e-03
3.845743e-03
3.797163e-03
3.765524e-03
3.789502e-03
3.835056e-03
3.829998e-03
3.746955e-03
3.631042e-03
3.525962e-03
3.416909e-03
3.292505e-03
3.213226e-03
3.238525e-03
3.316854e-03
3.344345e-03
3.322333e-03
3.349276e-03
3.441074e-03
3.470476e-03
3.336422e-03
3.109273e-03
2.948950e-03
2.944211e-03
3.087880e-03
3.344748e-03
3.666843e-03
3.975082e-03
4.195244e-03
4.309020e-03
4.343120e-03
4.334533e-03
4.329732e-03
4.375260e-03
4.469587e-03
4.553805e-03
4.579027e-03
4.551758e-03
4.498434e-03
4.442945e-03
4.449393e-03
4.615509e-03
4.959580e-03
5.360990e-03
5.677297e-03
5.886050e-03
6.057019e-03
6.230677e-03
6.398247e-03
6.571898e-03
6.797032e-03
7.104106e-03
7.503332e-03
8.002963e-03
8.571264e-03
9.109793e-03
9.541005e-03
9.903172e-03
1.027824e-02
1.064165e-02
1.087616e-02
1.093151e-02
1.086796e-02
1.072342e-02
1.044320e-02
9.990180e-03
9.436222e-03
8.879872e-03
8.341015e-03
7.804379e-03
7.307796e-03
6.905477e-03
6.582619e-03
6.294314e-03
6.072889e-03
6.006766e-03
6.100330e-03
6.233048e-03
6.295425e-03
6.311722e-03
6.379827e-03
6.523181e-03
6.661961e-03
6.727869e-03
6.747197e-03
6.774805e-03
6.783910e-03
6.687840e-03
6.480439e-03
6.291801e-03
6.254952e-03
6.352118e-03
6.455321e-03
6.502363e-03
6.557066e-03
6.688501e-03
6.874930e-03
7.067553e-03
7.272806e-03
7.499174e-03
7.672953e-03
7.697080e-03
7.581469e-03
7.439732e-03
7.358976e-03
7.341361e-03
7.369967e-03
7.444355e-03
7.524698e-03
7.522503e-03
7.401282e-03
7.235107e-03
7.119593e-03
7.072230e-03
7.070744e-03
7.137677e-03
7.310709e-03
7.555072e-03
7.783871e-03
7.962527e-03
8.128016e-03
8.306084e-03
8.480045e-03
8.655106e-03
8.883099e-03
9.185796e-03
9.500237e-03
9.736819e-03
9.859301e-03
9.881074e-03
9.820412e-03
9.695706e-03
9.538035e-03
9.374383e-03
9.217082e-03
9.089778e-03
9.027737e-03
9.017429e-03
8.970751e-03
8.807271e-03
8.537104e-03
8.211745e-03
7.821516e-03
7.319955e-03
6.750715e-03
6.263436e-03
5.956841e-03
5.756032e-03
5.495364e-03
5.093376e-03
4.600056e-03
4.095939e-03
3.604411e-03
3.107635e-03
2.599093e-03
2.096544e-03
1.630626e-03
1.242226e-03
9.692126e-04
8.060818e-04
6.805115e-04
4.919760e-04
1.795486e-04
-2.535462e-04
-7.711599e-04
-1.336670e-03
-1.911799e-03
-2.447260e-03
-2.895083e-03
-3.229075e-03
-3.448162e-03
-3.567730e-03
-3.615753e-03
-3.629669e-03
-3.644028e-03
-3.677570e-03
-3.731202e-03
-3.792751e-03
-3.845695e-03
-3.886921e-03
-3.938010e-03
-4.021639e-03
-4.122881e-03
-4.200635e-03
-4.254867e-03
-4.356912e-03
-4.582914e-03
-4.932185e-03
-5.344327e-03
-5.788698e-03
-6.299576e-03
-6.916119e-03
-7.612946e-03
-8.297988e-03
-8.866663e-03
-9.267662e-03
-9.541395e-03
-9.788872e-03
-1.007308e-02
-1.034973e-02
-1.051968e-02
-1.054364e-02
-1.047051e-02
-1.035420e-02
-1.018705e-02
-9.932947e-03
-9.591793e-03
-9.205737e-03
-8.818389e-03
-8.446869e-03
-8.088490e-03
-7.750178e-03
-7.471660e-03
-7.298755e-03
-7.213374e-03
-7.120081e-03
-6.950208e-03
-6.762895e-03
-6.684017e-03
-6.750023e-03
-6.877795e-03
-6.992028e-03
-7.103243e-03
-7.234301e-03
-7.350075e-03
-7.411444e-03
-7.436241e-03
-7.446699e-03
-7.406364e-03
-7.275378e-03
-7.092739e-03
-6.936379e-03
-6.822652e-03
-6.705153e-03
-6.556665e-03
-6.396277e-03
-6.249614e-03
-6.137912e-03
-6.095320e-03
-6.138326e-03
-6.217872e-03
-6.251534e-03
-6.204610e-03
-6.097180e-03
-5.939221e-03
-5.714561e-03
-5.434344e-03
-5.152750e-03
-4.912729e-03
-4.716988e-03
-4.565599e-03
-4.478907e-03
-4.460622e-03
-4.472436e-03
-4.471467e-03
-4.452331e-03
-4.436101e-03
-4.441112e-03
-4.482029e-03
-4.572145e-03
-4.696687e-03
-4.793059e-03
-4.785915e-03
-4.650983e-03
-4.435357e-03
-4.208841e-03
-3.996585e-03
-3.762108e-03
-3.456959e-03
-3.082819e-03
-2.699594e-03
-2.376990e-03
-2.147773e-03
-2.002571e-03
-1.910881e-03
-1.843429e-03
-1.790335e-03
-1.761411e-03
-1.755172e-03
-1.732829e-03
-1.649448e-03
-1.510720e-03
-1.365745e-03
-1.236800e-03
-1.092184e-03
-9.014741e-04
-6.807765e-04
-4.659223e-04
-2.794155e-04
-1.461154e-04
-9.954458e-05
-1.381943e-04
-2.084608e-04
-2.651273e-04
-3.197652e-04
-4.003494e-04
-5.015433e-04
-6.129214e-04
-7.540148e-04
-9.269441e-04
-1.065930e-03
-1.096187e-03
-1.028468e-03
-9.429309e-04
-8.955194e-04
-8.928935e-04
-9.388625e-04
-1.034942e-03
-1.133302e-03
-1.152445e-03
-1.055307e-03
-8.699016e-04
-6.306622e-04
-3.470895e-04
-3.334455e-05
2.853249e-04
6.124691e-04
9.851293e-04
1.424222e-03
1.914992e-03
2.441520e-03
2.994630e-03
3.529563e-03
3.958680e-03
4.213614e-03
4.292821e-03
4.238467e-03
4.098297e-03
3.923411e-03
3.769372e-03
3.674672e-03
3.652818e-03
3.711695e-03
3.855035e-03
4.055923e-03
4.257066e-03
4.412740e-03
4.511790e-03
4.553797e-03
4.529917e-03
4.439431e-03
4.301097e-03
4.134388e-03
3.948479e-03
3.757858e-03
3.583983e-03
3.427143e-03
3.258470e-03
3.059064e-03
2.854037e-03
2.690254e-03
2.584741e-03
2.504176e-03
2.391562e-03
2.207947e-03
1.949445e-03
1.626464e-03
1.237844e-03
7.889261e-04
3.400588e-04
2.447228e-06
-1.483162e-04
-1.441623e-04
-8.644783e-05
-4.924822e-05
-4.236573e-05
-4.506925e-05
-3.308756e-05
1.888538e-05
1.174680e-04
2.307061e-04
3.230134e-04
4.118509e-04
5.570044e-04
7.924970e-04
1.100033e-03
1.445939e-03
1.806210e-03
2.155189e-03
2.471709e-03
2.763094e-03
3.042604e-03
3.274810e-03
3.387476e-03
3.355824e-03
3.238102e-03
3.109412e-03
2.995804e-03
2.892488e-03
2.806539e-03
2.748001e-03
2.705350e-03
2.662405e-03
2.621556e-03
2.582778e-03
2.517079e-03
2.391562e-03
2.214283e-03
2.033322e-03
1.898033e-03
1.833224e-03
1.832278e-03
1.852878e-03
1.837663e-03
1.774202e-03
1.732247e-03
1.810020e-03
2.035124e-03
2.339543e-03
2.638921e-03
2.914114e-03
3.202311e-03
3.530872e-03
3.886532e-03
4.239832e-03
4.567544e-03
4.844771e-03
5.044350e-03
5.164458e-03
5.240110e-03
5.308735e-03
5.382217e-03
5.476441e-03
5.644918e-03
5.935369e-03
6.311354e-03
6.660619e-03
6.898198e-03
7.035314e-03
7.140951e-03
7.269312e-03
7.433038e-03
7.607331e-03
7.743338e-03
7.815094e-03
7.869434e-03
7.983885e-03
8.150152e-03
8.249055e-03
8.179468e-03
7.967178e-03
7.701969e-03
7.416266e-03
7.091780e-03
6.751760e-03
6.466556e-03
6.272416e-03
6.149927e-03
6.083808e-03
6.083690e-03
6.137471e-03
6.197505e-03
6.227065e-03
6.219226e-03
6.162574e-03
6.032352e-03
5.828565e-03
5.585855e-03
5.333938e-03
5.079821e-03
4.833678e-03
4.612671e-03
4.404228e-03
4.157499e-03
3.831009e-03
3.434693e-03
3.021653e-03
2.653716e-03
2.365662e-03
2.134894e-03
1.891069e-03
1.585116e-03
1.246223e-03
9.466418e-04
7.234485e-04
5.668294e-04
4.646692e-04
4.042859e-04
3.327502e-04
1.753401e-04
-8.192587e-05
-3.610014e-04
-5.622215e-04
-6.497568e-04
-6.671999e-04
-6.912994e-04
-7.675080e-04
-8.685134e-04
-9.220667e-04
-8.952267e-04
-8.274257e-04
-7.589381e-04
-6.727564e-04
-5.571009e-04
-4.766187e-04
-4.989144e-04
-5.786582e-04
-6.119905e-04
-5.976895e-04
-6.356457e-04
-7.461483e-04
-8.002476e-04
-6.838768e-04
-4.503915e-04
-2.522942e-04
-1.869145e-04
-2.659776e-04
-4.728738e-04
-7.709188e-04
-1.083340e-03
-1.330163e-03
-1.481516e-03
-1.551148e-03
-1.567411e-03
-1.575962e-03
-1.628903e-03
-1.731459e-03
-1.827709e-03
-1.865946e-03
-1.844861e-03
-1.781054e-03
-1.691779e-03
-1.643775e-03
-1.748719e-03
-2.043937e-03
-2.421547e-03
-2.738352e-03
-2.960744e-03
-3.146242e-03
-3.328444e-03
-3.496719e-03
-3.663103e-03
-3.873839e-03
-4.163899e-03
-4.553933e-03
-5.066093e-03
-5.679108e-03
-6.295989e-03
-6.833448e-03
-7.324654e-03
-7.852262e-03
-8.394871e-03
-8.833773e-03
-9.110893e-03
-9.276820e-03
-9.361168e-03
-9.300544e-03
-9.046671e-03
-8.660575e-03
-8.234841e-03
-7.789041e-03
-7.310698e-03
-6.841734e-03
-6.441135e-03
-6.098074e-03
-5.770169e-03
-5.494206e-03
-5.369218e-03
-5.413668e-03
-5.515140e-03
-5.561061e-03
-5.567814e-03
-5.631065e-03
-5.779191e-03
-5.936549e-03
-6.032936e-03
-6.090340e-03
-6.161746e-03
-6.217959e-03
-6.163368e-03
-5.978982e-03
-5.789455e-03
-5.736093e-03
-5.815675e-03
-5.908331e-03
-5.950011e-03
-6.000152e-03
-6.128313e-03
-6.318080e-03
-6.527038e-03
-6.767134e-03
-7.050084e-03
-7.299458e-03
-7.407031e-03
-7.367328e-03
-7.283279e-03
-7.241613e-03
-7.252719e-03
-7.310920e-03
-7.424694e-03
-7.556610e-03
-7.612005e-03
-7.542481e-03
-7.411564e-03
-7.311260e-03
-7.262147e-03
-7.248376e-03
-7.300471e-03
-7.465095e-03
-7.714955e-03
-7.965499e-03
-8.178950e-03
-8.387051e-03
-8.611765e-03
-8.835081e-03
-9.063780e-03
-9.355326e-03
-9.740439e-03
-1.016372e-02
-1.053618e-02
-1.081420e-02
-1.099989e-02
-1.110175e-02
-1.113219e-02
-1.111926e-02
-1.108865e-02
-1.105385e-02
-1.104417e-02
-1.110495e-02
-1.123249e-02
-1.134205e-02
-1.134856e-02
-1.125384e-02
-1.110153e-02
-1.087362e-02
-1.051296e-02
-1.005507e-02
-9.653101e-03
-9.422729e-03
-9.307976e-03
-9.149574e-03
-8.856927e-03
-8.465593e-03
-8.047655e-03
-7.625880e-03
-7.183971e-03
-6.714395e-03
-6.232048e-03
-5.767005e-03
-5.365579e-03
-5.077567e-03
-4.912028e-03
-4.806891e-03
-4.661896e-03
-4.406232e-03
-4.028184e-03
-3.549888e-03
-2.998109e-03
-2.406028e-03
-1.822634e-03
-1.300517e-03
-8.747361e-04
-5.574278e-04
-3.437457e-04
-2.135194e-04
-1.332271e-04
-6.822679e-05
3.386718e-06
8.666332e-05
1.719317e-04
2.423019e-04
2.930019e-04
3.454934e-04
4.242658e-04
5.148798e-04
5.725057e-04
5.913627e-04
6.412217e-04
8.043005e-04
1.090141e-03
1.446239e-03
1.845602e-03
2.326506e-03
2.937372e-03
3.665361e-03
4.425592e-03
5.108114e-03
5.645864e-03
6.063921e-03
6.458476e-03
6.898438e-03
7.346995e-03
7.704944e-03
7.924897e-03
8.046498e-03
8.118831e-03
8.132700e-03
8.048814e-03
7.860735e-03
7.604555e-03
7.321801e-03
7.030662e-03
6.729356e-03
6.425499e-03
6.163274e-03
5.998325e-03
5.921999e-03
5.839772e-03
5.674956e-03
5.479082e-03
5.380071e-03
5.425311e-03
5.542865e-03
5.662457e-03
5.794416e-03
5.960135e-03
6.123370e-03
6.243669e-03
6.337034e-03
6.423127e-03
6.461059e-03
6.404469e-03
6.286660e-03
6.184404e-03
6.117439e-03
6.042918e-03
5.933242e-03
5.803616e-03
5.676594e-03
5.575370e-03
5.541832e-03
5.602719e-03
5.716534e-03
5.802108e-03
5.820046e-03
5.782931e-03
5.693108e-03
5.527420e-03
5.291099e-03
5.034882e-03
4.801962e-03
4.598569e-03
4.430178e-03
4.323399e-03
4.288096e-03
4.290085e-03
4.286752e-03
4.269643e-03
4.256458e-03
4.265179e-03
4.314583e-03
4.425536e-03
4.590850e-03
4.750469e-03
4.823180e-03
4.772726e-03
4.635486e-03
4.477858e-03
4.327662e-03
4.150221e-03
3.892835e-03
3.548601e-03
3.170986e-03
2.830537e-03
2.567895e-03
2.383837e-03
2.255176e-03
2.155648e-03
2.076555e-03
2.029850e-03
2.016517e-03
1.997373e-03
1.922975e-03
1.793282e-03
1.654308e-03
1.528350e-03
1.383761e-03
1.187438e-03
9.503987e-04
7.038445e-04
4.692378e-04
2.754588e-04
1.638598e-04
1.409538e-04
1.577572e-04
1.693840e-04
1.854221e-04
2.321647e-04
3.045388e-04
3.950628e-04
5.284202e-04
7.112476e-04
8.772682e-04
9.442369e-04
9.118975e-04
8.523924e-04
8.210653e-04
8.310669e-04
8.962715e-04
1.027591e-03
1.182134e-03
1.276614e-03
1.266221e-03
1.169089e-03
1.011968e-03
8.009401e-04
5.503738e-04
2.873472e-04
9.619188e-06
-3.207932e-04
-7.288450e-04
-1.206611e-03
-1.746547e-03
-2.347261e-03
-2.968016e-03
-3.518009e-03
-3.917306e-03
-4.147254e-03
-4.233097e-03
-4.210762e-03
-4.126225e-03
-4.035571e-03
-3.981944e-03
-3.986731e-03
-4.068020e-03
-4.240305e-03
-4.485395e-03
-4.750424e-03
-4.989152e-03
-5.186245e-03
-5.335575e-03
-5.422621e-03
-5.441518e-03
-5.406541e-03
-5.333785e-03
-5.230933e-03
-5.113344e-03
-5.005158e-03
-4.909242e-03
-4.796976e-03
-4.647145e-03
-4.482993e-03
-4.353818e-03
-4.283668e-03
-4.246313e-03
-4.186758e-03
-4.061978e-03
-3.860727e-03
-3.584836e-03
-3.223026e-03
-2.769906e-03
-2.279688e-03
-1.868141e-03
-1.626239e-03
-1.540457e-03
-1.521043e-03
-1.494504e-03
-1.444077e-03
-1.383102e-03
-1.333149e-03
-1.321765e-03
-1.359064e-03
-1.413738e-03
-1.447134e-03
-1.473095e-03
-1.551596e-03
-1.722293e-03
-1.975576e-03
-2.285213e-03
-2.630442e-03
-2.984933e-03
-3.325820e-03
-3.660494e-03
-4.003644e-03
-4.318748e-03
-4.526347e-03
-4.589430e-03
-4.554723e-03
-4.491805e-03
-4.427750e-03
-4.361974e-03
-4.305669e-03
-4.271934e-03
-4.251666e-03
-4.230867e-03
-4.213752e-03
-4.200963e-03
-4.161571e-03
-4.057233e-03
-3.888622e-03
-3.698606e-03
-3.537323e-03
-3.436436e-03
-3.397663e-03
-3.382107e-03
-3.327729e-03
-3.212936e-03
-3.102410e-03
-3.099599e-03
-3.245165e-03
-3.482795e-03
-3.731571e-03
-3.969009e-03
-4.228951e-03
-4.539789e-03
-4.892515e-03
-5.261404e-03
-5.623689e-03
-5.950763e-03
-6.208293e-03
-6.386148e-03
-6.512534e-03
-6.620583e-03
-6.720085e-03
-6.828111e-03
-7.005294e-03
-7.312400e-03
-7.726015e-03
-8.138536e-03
-8.458191e-03
-8.683455e-03
-8.874135e-03
-9.084388e-03
-9.333416e-03
-9.601896e-03
-9.839906e-03
-1.001628e-02
-1.017641e-02
-1.040454e-02
-1.070199e-02
-1.095204e-02
-1.104468e-02
-1.099117e-02
-1.086971e-02
-1.070705e-02
-1.048255e-02
-1.021845e-02
-9.986739e-03
-9.829338e-03
-9.735245e-03
-9.697625e-03
-9.733226e-03
-9.835616e-03
-9.960898e-03
-1.007320e-02
-1.016324e-02
-1.021479e-02
-1.019694e-02
-1.010334e-02
-9.963476e-03
-9.804500e-03
-9.634085e-03
-9.465865e-03
-9.321860e-03
-9.193298e-03
-9.028954e-03
-8.781125e-03
-8.450160e-03
-8.082544e-03
-7.741730e-03
-7.471248e-03
-7.257166e-03
-7.030827e-03
-6.737431e-03
-6.398748e-03
-6.084167e-03
-5.834483e-03
-5.648124e-03
-5.522176e-03
-5.450404e-03
-5.379948e-03
-5.228046e-03
-4.967816e-03
-4.667726e-03
-4.428460e-03
-4.296691e-03
-4.240304e-03
-4.185480e-03
-4.080836e-03
-3.946864e-03
-3.855120e-03
-3.843448e-03
-3.878056e-03
-3.922781e-03
-3.998057e-03
-4.117501e-03
-4.213443e-03
-4.210552e-03
-4.147616e-03
-4.127848e-03
-4.154413e-03
-4.125242e-03
-4.014424e-03
-3.951186e-03
-4.062095e-03
-4.312251e-03
-4.559840e-03
-4.702585e-03
-4.712065e-03
-4.586137e-03
-4.347957e-03
-4.068708e-03
-3.831012e-03
-3.674336e-03
-3.597519e-03
-3.581851e-03
-3.584062e-03
-3.547657e-03
-3.460830e-03
-3.375780e-03
-3.346068e-03
-3.380316e-03
-3.472651e-03
-3.614778e-03
-3.740915e-03
-3.729370e-03
-3.525186e-03
-3.220090e-03
-2.952050e-03
-2.762299e-03
-2.605912e-03
-2.457515e-03
-2.330438e-03
-2.214786e-03
-2.067130e-03
-1.851436e-03
-1.539192e-03
-1.096022e-03
-5.308364e-04
6.807660e-05
6.187867e-04
1.149212e-03
1.738680e-03
2.371555e-03
2.937847e-03
3.378560e-03
3.733383e-03
4.023099e-03
4.181792e-03
4.154777e-03
3.987003e-03
3.755588e-03
3.475667e-03
3.136215e-03
2.777001e-03
2.453954e-03
2.159465e-03
1.856394e-03
1.580297e-03
1.428018e-03
1.428583e-03
1.490808e-03
1.514153e-03
1.507180e-03
1.552213e-03
1.678507e-03
1.824270e-03
1.927808e-03
2.005570e-03
2.102666e-03
2.192525e-03
2.185456e-03
2.053381e-03
1.896299e-03
1.839518e-03
1.891423e-03
1.957429e-03
1.982543e-03
2.013358e-03
2.108282e-03
2.257611e-03
2.431500e-03
2.645510e-03
2.913726e-03
3.172639e-03
3.325374e-03
3.355156e-03
3.336459e-03
3.337820e-03
3.372642e-03
3.444791e-03
3.568951e-03
3.718220e-03
3.812871e-03
3.805206e-03
3.737100e-03
3.677508e-03
3.643354e-03
3.625605e-03
3.653776e-03
3.771516e-03
3.963747e-03
4.167094e-03
4.350617e-03
4.535545e-03
4.735907e-03
4.936203e-03
5.142240e-03
5.402168e-03
5.746678e-03
6.140356e-03
6.517721e-03
6.841848e-03
7.107020e-03
7.312535e-03
7.462804e-03
7.575762e-03
7.668515e-03
7.750751e-03
7.847557e-03
7.999774e-03
8.212551e-03
8.427300e-03
8.579783e-03
8.666685e-03
8.714994e-03
8.705511e-03
8.588135e-03
8.380956e-03
8.195056e-03
8.124488e-03
8.142789e-03
8.142122e-03
8.053222e-03
7.892145e-03
7.703873e-03
7.503332e-03
7.279402e-03
7.025442e-03
6.749029e-03
6.469551e-03
6.221737e-03
6.047673e-03
5.964000e-03
5.936431e-03
5.898393e-03
5.796703e-03
5.614488e-03
5.357486e-03
5.036334e-03
4.668510e-03
4.285014e-03
3.922488e-03
3.608871e-03
3.358752e-03
3.175731e-03
3.052035e-03
2.968907e-03
2.904373e-03
2.842726e-03
2.778397e-03
2.716263e-03
2.667663e-03
2.636893e-03
2.610230e-03
2.570752e-03
2.527562e-03
2.512194e-03
2.532720e-03
2.546598e-03
2.498740e-03
2.377534e-03
2.211765e-03
2.016368e-03
1.764716e-03
1.420258e-03
9.821559e-04
4.970995e-04
3.477999e-05
-3.549242e-04
-6.785349e-04
-9.921454e-04
-1.341471e-03
-1.708751e-03
-2.034109e-03
-2.284669e-03
-2.479487e-03
-2.645533e-03
-2.776243e-03
-2.845974e-03
-2.846854e-03
-2.796387e-03
-2.717340e-03
-2.620239e-03
-2.503579e-03
-2.371292e-03
-2.251256e-03
-2.181585e-03
-2.162873e-03
-2.140803e-03
-2.066202e-03
-1.964241e-03
-1.909391e-03
-1.934580e-03
-2.004654e-03
-2.082688e-03
-2.175329e-03
-2.294687e-03
-2.420053e-03
-2.528262e-03
-2.627927e-03
-2.729209e-03
-2.806935e-03
-2.831519e-03
-2.818145e-03
-2.808481e-03
-2.814899e-03
-2.815405e-03
-2.794509e-03
-2.758268e-03
-2.716849e-03
-2.683289e-03
-2.684147e-03
-2.739543e-03
-2.831663e-03
-2.918319e-03
-2.976864e-03
-3.010889e-03
-3.017948e-03
-2.981872e-03
-2.901881e-03
-2.802386e-03
-2.705487e-03
-2.615431e-03
-2.537274e-03
-2.487932e-03
-2.475784e-03
-2.485413e-03
-2.495186e-03
-2.499401e-03
-2.505448e-03
-2.522129e-03
-2.560941e-03
-2.636555e-03
-2.749807e-03
-2.872469e-03
-2.961450e-03
-2.993067e-03
-2.980431e-03
-2.954988e-03
-2.931770e-03
-2.894278e-03
-2.814149e-03
-2.683441e-03
-2.524735e-03
-2.372241e-03
-2.248873e-03
-2.159428e-03
-2.096042e-03
-2.047557e-03
-2.010630e-03
-1.992494e-03
-1.995297e-03
-2.000471e-03
-1.982527e-03
-1.938974e-03
-1.890408e-03
-1.847422e-03
-1.794993e-03
-1.716183e-03
-1.613657e-03
-1.499462e-03
-1.382436e-03
-1.277224e-03
-1.206275e-03
-1.176206e-03
-1.166601e-03
-1.157182e-03
-1.151735e-03
-1.161634e-03
-1.184570e-03
-1.218431e-03
-1.277056e-03
-1.366060e-03
-1.455901e-03
-1.506672e-03
-1.513507e-03
-1.504822e-03
-1.504338e-03
-1.520079e-03
-1.562409e-03
-1.640639e-03
-1.738747e-03
-1.820190e-03
-1.862742e-03
-1.870518e-03
-1.851890e-03
-1.807773e-03
-1.744236e-03
-1.673690e-03
-1.595808e-03
-1.494058e-03
-1.356255e-03
-1.182948e-03
-9.734695e-04
-7.242899e-04
-4.497370e-04
-1.880721e-04
2.348501e-05
1.707597e-04
2.573502e-04
2.927364e-04
2.928974e-04
2.801378e-04
2.730933e-04
2.829158e-04
3.206973e-04
3.966949e-04
5.073632e-04
6.336026e-04
7.572138e-04
8.710511e-04
9.708981e-04
1.048943e-03
1.100890e-03
1.130605e-03
1.142948e-03
1.140061e-03
1.128075e-03
1.117401e-03
1.110104e-03
1.094990e-03
1.062743e-03
1.021518e-03
9.912483e-04
9.839400e-04
9.924398e-04
9.968542e-04
9.797533e-04
9.345977e-04
8.591034e-04
7.449520e-04
5.853319e-04
3.973679e-04
2.253093e-04
1.082729e-04
4.773917e-05
1.475610e-05
-1.721455e-05
-5.640889e-05
-1.004044e-04
-1.423159e-04
-1.713113e-04
-1.824523e-04
-1.869872e-04
-2.002299e-04
-2.186555e-04
-2.207534e-04
-1.904892e-04
-1.283714e-04
-4.101352e-05
6.569191e-05
1.825218e-04
3.011261e-04
4.246129e-04
5.592573e-04
6.923678e-04
7.939214e-04
8.469153e-04
8.636271e-04
8.660100e-04
8.632462e-04
8.560809e-04
8.495215e-04
8.490136e-04
8.522193e-04
8.551462e-04
8.600495e-04
8.676490e-04
8.670222e-04
8.434564e-04
7.945959e-04
7.327838e-04
6.746416e-04
6.326967e-04
6.102313e-04
5.955858e-04
5.667283e-04
5.133245e-04
4.545853e-04
4.256932e-04
4.438669e-04
4.944750e-04
5.525264e-04
6.099835e-04
6.769520e-04
7.630153e-04
8.667436e-04
9.813662e-04
1.100213e-03
1.213453e-03
1.308222e-03
1.378799e-03
1.431852e-03
1.476116e-03
1.513433e-03
1.548882e-03
1.603152e-03
1.699101e-03
1.833753e-03
1.975792e-03
2.095408e-03
2.188593e-03
2.270870e-03
2.358528e-03
2.459226e-03
2.568743e-03
2.671689e-03
2.757073e-03
2.838122e-03
2.942259e-03
3.073071e-03
3.196937e-03
3.279041e-03
3.318864e-03
3.336180e-03
3.336842e-03
3.313516e-03
3.271858e-03
3.232851e-03
3.209841e-03
3.201638e-03
3.208523e-03
3.237463e-03
3.288468e-03
3.350352e-03
3.413543e-03
3.475219e-03
3.529790e-03
3.566971e-03
3.583250e-03
3.585423e-03
3.580192e-03
3.569626e-03
3.558333e-03
3.553818e-03
3.554883e-03
3.547483e-03
3.516913e-03
3.460604e-03
3.389223e-03
3.320194e-03
3.267515e-03
3.229720e-03
3.188770e-03
3.128418e-03
3.052503e-03
2.978657e-03
2.918435e-03
2.873353e-03
2.845135e-03
2.834190e-03
2.826994e-03
2.799902e-03
2.742493e-03
2.669966e-03
2.608499e-03
2.572738e-03
2.557231e-03
2.543736e-03
2.517600e-03
2.482378e-03
2.456155e-03
2.449678e-03
2.455605e-03
2.465821e-03
2.486665e-03
2.522389e-03
2.555386e-03
2.564874e-03
2.559017e-03
2.563480e-03
2.579392e-03
2.580553e-03
2.558840e-03
2.545988e-03
2.576087e-03
2.645195e-03
2.721736e-03
2.780370e-03
2.810823e-03
2.808253e-03
2.774720e-03
2.725487e-03
2.680414e-03
2.650732e-03
2.638929e-03
2.642924e-03
2.653244e-03
2.655670e-03
2.645924e-03
2.635321e-03
2.636648e-03
2.653550e-03
2.687352e-03
2.738735e-03
2.792985e-03
2.819251e-03
2.800320e-03
2.754032e-03
2.711766e-03
2.684725e-03
2.664704e-03
2.647475e-03
2.637151e-03
2.632162e-03
2.622933e-03
2.600801e-03
2.557256e-03
2.481045e-03
2.371257e-03
