# Seismic acceleration record (Y direction)
# 1501 values, dtrec=0.01s
0.00176574
0.00867311
0.01806588
0.02255908
0.02364763
0.02867575
0.03897553
0.05053874
0.05417486
0.04149671
0.02129085
0.01161195
0.00979289
-0.00032125
-0.01139985
-0.00431052
0.01861519
0.04185374
0.05436769
0.05294196
0.0289827
-0.02938108
-0.08898889
-0.08603246
-0.02952567
0.00211507
-0.00432696
0.01793549
0.07418102
0.08825983
0.03988179
-0.00835074
-0.0163128
0.00205603
0.03640108
0.10035703
0.19024877
0.25621487
0.23174594
0.10566768
-0.03468432
-0.09384971
-0.09476529
-0.13785062
-0.25811356
-0.37399793
-0.3952542
-0.34104053
-0.28482182
-0.24866895
-0.23562881
-0.27226896
-0.33258264
-0.34124353
-0.28085513
-0.17491512
-0.05513906
-0.009051
-0.10238594
-0.25920632
-0.33976994
-0.28553487
-0.13021992
0.03491042
0.08230453
-0.01278094
-0.08049551
-0.00309589
0.10767452
0.16650305
0.21442622
0.20610737
0.09022046
-0.04473288
-0.15620156
-0.26472436
-0.27534943
-0.13294334
0.00929211
0.00213696
-0.12307916
-0.26454819
-0.39277574
-0.46966197
-0.33030734
0.06847623
0.41225052
0.40793841
0.22819162
0.19989245
0.31390206
0.40363209
0.44654844
0.42238559
0.20389951
-0.15152039
-0.29327994
-0.04899644
0.31554848
0.39385534
0.05458957
-0.32369159
-0.29805256
-0.02831413
0.09945294
0.23283578
0.64427842
1.00828561
0.93624275
0.69377192
0.65614195
0.6382481
0.36400006
0.05817128
0.02542791
0.1379343
0.1586996
0.07667967
-0.03158649
-0.08920193
-0.09324371
-0.16730499
-0.29321747
-0.30369728
-0.24503841
-0.24070562
-0.18497401
0.00332939
0.15341937
0.10663155
-0.05553868
-0.1794329
-0.23871341
-0.29154453
-0.4006586
-0.59274147
-0.73257268
-0.55898869
-0.08124999
0.36627605
0.60430033
0.6604955
0.50938696
0.22933472
0.01124752
-0.16412219
-0.36184933
-0.37877688
-0.09162079
0.22688383
0.43233467
0.78838986
1.21087744
1.19121382
0.83747655
0.77180178
1.02718165
1.15753201
1.01846567
0.71423628
0.35895613
0.1401152
0.08296944
0.01385662
-0.00404932
0.04345247
-0.19872853
-0.59292376
-0.46610485
0.0619502
0.18456222
-0.24379619
-0.70329669
-0.92296079
-1.00097891
-0.93371386
-0.53902408
0.15284178
0.73704246
0.92416213
0.92664817
0.9588632
0.85493834
0.50751541
0.11568141
-0.13792645
-0.23668301
-0.15439691
0.02184021
0.02950046
-0.01649747
0.26629607
0.64612397
0.48711373
-0.37702684
-1.46347368
-1.97231635
-1.53926627
-0.6546171
0.03142117
0.31603682
0.18371539
-0.37867982
-1.07098745
-1.35020716
-1.12880293
-0.90497259
-0.93815561
-0.93227027
-0.68152221
-0.27947449
0.10749394
0.19756491
-0.13836711
-0.59867554
-0.83049439
-0.82296354
-0.73268707
-0.4884171
0.06569143
0.65292278
0.76341124
0.46508148
0.3204912
0.45873787
0.54471106
0.43847626
0.21761541
-0.03616729
-0.22510702
-0.27695134
-0.15277294
0.09956568
0.31022052
0.38229762
0.37277533
0.39611377
0.50446084
0.60119008
0.48927623
0.07173247
-0.37887451
-0.5395209
-0.62163008
-0.81412537
-0.72400632
-0.22874204
0.20795328
0.41349903
0.55799366
0.61670323
0.49276718
0.17592585
-0.14649392
-0.04249517
0.40464849
0.49607739
0.11314929
-0.21074226
-0.30227364
-0.45465511
-0.83698561
-1.16988783
-1.07113476
-0.67519235
-0.40680088
-0.29750687
-0.28429143
-0.61536778
-1.24461231
-1.68158946
-1.71423757
-1.56976843
-1.42839705
-1.30238428
-1.3040697
-1.49268798
-1.61085728
-1.4466421
-1.12175633
-0.83450938
-0.77923935
-1.03429919
-1.11891616
-0.49715665
0.33914808
0.5387798
0.39171941
0.65782801
1.05324197
1.03292204
0.92543305
1.03801364
1.13653512
1.1053797
0.95380257
0.68419628
0.47820705
0.45167812
0.44815727
0.25638832
-0.02500061
0.07691393
0.69687812
1.24404247
1.3410807
1.34096335
1.40431241
1.15109998
0.5114767
-0.07103011
-0.38680014
-0.63961377
-0.8017308
-0.58196868
-0.11196951
0.12207153
0.02539821
-0.06123682
-0.0449743
-0.13801565
-0.27000644
-0.13818654
0.36574224
1.10186591
1.7521397
2.00044512
1.85196488
1.60409228
1.36972049
1.11401871
1.06892373
1.25213002
1.23549337
0.96016006
0.77582123
0.81976168
1.05255639
1.35354068
1.3905209
0.9471346
0.34464589
0.01807865
-0.21160518
-0.67735826
-0.97756789
-0.61225801
-0.00554448
0.14355234
-0.08068872
-0.21563798
-0.21474088
-0.17648288
-0.01999193
0.14280034
0.13329698
0.12746157
0.24169775
0.3381637
0.45740028
0.5999782
0.51807252
0.23216842
0.06626216
0.1342082
0.224929
0.14309828
-0.04470515
-0.11222432
0.05183254
0.17279975
-0.01635843
-0.12396146
0.21718607
0.55043772
0.46642339
0.3274735
0.50832099
0.80273615
0.85742358
0.68593319
0.60738961
0.78916402
0.96520504
0.73357923
0.08998971
-0.65468677
-1.32615738
-1.70306875
-1.3909479
-0.48783748
0.22923672
0.25099877
0.00066119
0.0716362
0.37402118
0.57773335
0.63278509
0.56818514
0.34708896
0.05159533
-0.00414518
0.33227472
0.74202924
0.80699
0.5235189
0.35051001
0.51298595
0.63844773
0.48226781
0.10396474
-0.55311027
-1.30408457
-1.62864447
-1.38633207
-0.9056788
-0.51360031
-0.4553034
-0.75943295
-1.0663666
-1.0426931
-0.74682052
-0.53190649
-0.72861706
-1.17463144
-1.29447791
-0.91562933
-0.47354577
-0.26943694
-0.2421283
-0.33977391
-0.45080633
-0.44565029
-0.46395536
-0.49158495
-0.09478072
0.67028762
0.93341713
0.39704536
-0.04107877
0.23471037
0.67324578
0.68092708
0.38942645
0.1203929
0.04124986
0.12808228
0.25521599
0.43385261
0.60394789
0.56069012
0.36166891
0.24090107
0.18602589
0.12820156
0.19093641
0.33427575
0.28743452
-0.05637415
-0.55430712
-0.95284388
-1.08589788
-1.03922206
-0.95276606
-0.84629418
-0.71514496
-0.55007158
-0.51241285
-0.87415834
-1.3644474
-1.43871388
-1.30898138
-1.43079013
-1.46953802
-1.08457114
-0.69856383
-0.65577995
-0.7052239
-0.55403324
-0.26749838
-0.04653539
0.14426022
0.52211781
1.05219211
1.29133112
0.88014852
0.08670623
-0.53382756
-0.82309044
-0.84387243
-0.60451364
-0.37487967
-0.48273039
-0.76604433
-0.83534053
-0.58443789
-0.19620815
-0.04930955
-0.46752939
-1.14053559
-1.35196137
-0.98747472
-0.54657794
-0.32028568
-0.16432443
0.09080439
0.31529703
0.37595018
0.47209073
0.66934565
0.6107513
0.10162878
-0.55814662
-0.96508576
-1.07822869
-1.10486693
-1.04413743
-0.81455048
-0.58750995
-0.51923632
-0.49306684
-0.47228734
-0.72270781
-1.26808863
-1.52699808
-1.07846186
-0.35246243
0.15193335
0.56978936
0.87460939
0.60276238
-0.18214272
-0.87177561
-1.17574865
-1.19696339
-0.99040463
-0.56278611
-0.10879165
0.20631624
0.40435065
0.34340049
-0.03660518
-0.2615242
-0.13691845
-0.19310366
-0.551927
-0.60463593
0.00488178
0.94758782
1.61333134
1.70809025
1.42567533
1.12569142
0.95569202
0.74962137
0.45310825
0.42599344
0.84910238
1.24409809
1.21960612
1.15886733
1.47915195
1.78200975
1.46666642
0.76033516
0.3644792
0.3130676
0.04409354
-0.43262706
-0.43911111
0.20102579
0.86692727
1.00183617
0.57698364
-0.05118947
-0.43716052
-0.5206882
-0.54731841
-0.43144327
-0.0614556
0.14974072
-0.06720481
-0.31784216
-0.19249767
0.07382728
-0.05509908
-0.62783057
-1.22995783
-1.5487189
-1.46669191
-0.9556387
-0.21421018
0.42708019
0.88335922
1.22497735
1.29479072
0.92885885
0.51032014
0.59445019
0.8983371
0.64948343
-0.07515732
-0.45598761
-0.2872517
-0.15478118
-0.19710788
0.10135914
0.76150207
1.14945314
0.99463842
0.74573243
0.83561157
1.06065022
0.94038421
0.50318085
0.34496619
0.76657759
1.32185072
1.54683373
1.52999811
1.47876294
1.23708513
0.59185354
-0.01757588
0.16289298
0.94113832
1.30128134
0.87468747
0.35767922
0.33796888
0.32817346
-0.24587643
-0.76660125
-0.53941641
-0.03784073
0.11551297
-0.01156453
-0.24267402
-0.51914606
-0.72684925
-0.93810057
-1.18999623
-1.10924385
-0.62986938
-0.35904455
-0.58579289
-0.87953503
-0.94298719
-0.93447189
-0.76961865
-0.12127373
0.72408315
1.05852755
0.68172483
-0.02298932
-0.51067172
-0.55989486
-0.50121447
-0.60640908
-0.76869381
-0.93046555
-1.05544025
-0.93136261
-0.52269286
-0.17095435
-0.160104
-0.31247104
-0.20747795
0.2272452
0.54326208
0.43031027
0.19718117
0.18310071
0.20141709
-0.01236089
-0.26957463
-0.2246031
-0.0025369
-0.0733015
-0.44930035
-0.68261371
-0.70961863
-0.91033233
-1.27612522
-1.24398948
-0.62683744
-0.01189143
0.12313033
-0.03982788
-0.17554847
-0.29217518
-0.56421099
-0.93748484
-1.21966889
-1.42788658
-1.52041429
-1.18828546
-0.50230487
-0.03279067
0.2177995
0.87858201
1.78675155
2.0737309
1.78605771
1.67167635
1.66609587
1.27446656
0.90849719
1.2731772
1.96170659
2.02258301
1.40893471
0.74979321
0.29734081
-0.02519414
-0.14834128
0.06323259
0.52295187
0.81684029
0.69891728
0.60856826
0.91095432
1.14704533
0.84444659
0.2489083
-0.14736998
-0.18819684
-0.07337186
0.02686028
0.15197452
0.13544126
-0.34637239
-1.00012838
-1.26131759
-1.32747429
-1.59050673
-1.73975906
-1.4520326
-1.01570572
-0.73939894
-0.48783426
-0.10229294
0.27840328
0.65057919
1.17668549
1.58935327
1.45757028
1.00056395
0.81593689
0.91219617
0.85994199
0.73524411
0.92818555
1.32564881
1.45115959
1.16687717
0.79478849
0.50788427
0.15783156
-0.14630368
-0.09539027
0.18541465
0.30935844
0.20803184
-0.02008299
-0.36255376
-0.59536933
-0.3681434
0.14920474
0.34355917
0.10897344
0.01759823
0.31789171
0.63108937
0.78396564
1.03622842
1.40775378
1.47697444
1.06805796
0.71034165
0.8727471
1.18392137
1.11243008
0.67725441
0.08674653
-0.45167934
-0.75641791
-0.92541534
-0.99354226
-0.73743532
-0.43573039
-0.76852386
-1.46991835
-1.56795597
-1.14170325
-1.08321836
-1.43319313
-1.61918412
-1.57859994
-1.48128505
-1.26547797
-0.96843425
-0.74203083
-0.60949397
-0.65839805
-1.00224738
-1.40539211
-1.38714183
-0.82220334
-0.22123414
-0.05783249
-0.21099059
-0.38946986
-0.41177463
-0.19748833
0.01945135
0.00457959
0.05083496
0.29773269
0.09549118
-0.65827575
-0.92637641
-0.49169747
-0.40071846
-0.8494172
-0.90566523
-0.39212749
-0.02920516
-0.00930711
-0.06091598
-0.24535241
-0.57939071
-0.74185209
-0.60214571
-0.34328167
-0.18588767
-0.24980989
-0.32086427
-0.03268182
0.52111124
0.93333539
1.07581756
0.99402074
0.5575133
-0.20503088
-0.78753008
-0.87407141
-0.75344842
-0.64534317
-0.46295773
-0.18208295
0.21883567
0.64640456
0.67976337
0.23777835
-0.03576208
0.28826316
0.80219672
0.964822
0.71807387
0.31424574
0.06571499
0.06871965
0.08192184
-0.00903734
0.01772658
0.26208806
0.45959664
0.27450387
-0.17179312
-0.28875577
0.02187211
0.1820044
0.0594693
-0.06652004
-0.29640559
-0.69350728
-0.96634743
-0.93474683
-0.60598316
-0.11763458
0.1756674
0.17166211
0.30190791
0.76871448
1.16854134
1.1562182
0.94019684
0.93557676
0.93543749
0.338293
-0.56464551
-0.93485662
-0.83926693
-0.76499512
-0.61372498
-0.2238821
0.26463517
0.67120522
0.81736242
0.69636139
0.55488313
0.59449163
0.71433897
0.63001285
0.4002392
0.42874518
0.80791858
1.29142676
1.59628562
1.51298556
1.18005928
0.96891052
0.96229124
0.8608042
0.50784725
0.09116138
-0.35370928
-0.80241717
-0.89256549
-0.53463418
-0.18077607
-0.12697474
-0.14690477
-0.06061651
-0.09876598
-0.25943219
-0.00102205
0.88253825
1.69092362
1.63197958
0.87470593
0.18850024
-0.22335676
-0.60357834
-0.79007563
-0.49185364
0.04195431
0.25773497
0.0864526
0.08567012
0.55558156
1.02950448
1.00403091
0.60112723
0.18444952
-0.15781309
-0.47241171
-0.60127843
-0.30986031
0.20547668
0.35633461
0.00733888
-0.28982071
-0.28275858
-0.35492981
-0.58277861
-0.54761761
-0.17274259
0.13137002
0.05849552
-0.29285879
-0.60407182
-0.66317464
-0.47066347
-0.10260979
0.35952053
0.64107824
0.28554453
-0.62251311
-1.22709326
-1.01696987
-0.44579647
-0.02895419
0.41169898
1.01040638
1.17519931
0.652407
0.18743141
0.23848195
0.36116761
0.2625618
0.2169888
0.36781936
0.51764401
0.57467682
0.61484011
0.5922915
0.38267069
-0.0966781
-0.78588887
-1.282627
-1.24018712
-0.86060589
-0.45465252
-0.05396242
0.23721093
0.26245152
0.18560558
0.1527226
-0.00907786
-0.33030793
-0.56492861
-0.63159047
-0.62670318
-0.44114536
0.0504612
0.44334308
0.21043315
-0.30179642
-0.20407146
0.57442554
1.26427729
1.49543351
1.54207815
1.56489196
1.48000845
1.35035301
1.29056994
1.17483451
0.84033412
0.39048749
0.09260004
0.05676785
0.13588345
0.14544773
-0.05993925
-0.46630497
-0.7106413
-0.63177788
-0.64986492
-0.87641761
-0.78269119
-0.3914054
-0.43703532
-0.9646256
-1.26611285
-1.16871629
-1.06875847
-1.03161164
-0.82709667
-0.52422042
-0.43139797
-0.57670385
-0.75646432
-0.8801963
-0.81108945
-0.59428982
-0.73407038
-1.22770579
-1.28612656
-0.73496435
-0.28403395
-0.15416952
0.08583154
0.39709252
0.30976144
-0.22333571
-0.84731252
-1.20731104
-1.07050929
-0.52841361
0.01631767
0.29475926
0.30967214
0.10222292
-0.25561954
-0.61914049
-0.86522995
-0.86396057
-0.58232165
-0.30770349
-0.24924158
-0.12937291
0.17535236
0.35183524
0.38393034
0.44029959
0.298095
-0.12455241
-0.47415694
-0.5841074
-0.45772784
-0.12859589
0.11050317
0.25679738
0.6523
1.13336126
1.33893776
1.38868922
1.42571771
1.19904686
0.6196181
0.16650261
0.24244161
0.66383065
1.08138727
1.36554696
1.47398796
1.2777747
0.79566127
0.49107415
0.67766586
0.85333676
0.57013213
0.19324387
-0.083105
-0.60152524
-1.19078845
-1.22136249
-0.74482785
-0.50581647
-0.83680312
-1.27465245
-1.32318571
-0.93137039
-0.23325374
0.50204671
0.81396711
0.54229446
0.04409128
-0.30669115
-0.29457346
0.18816876
0.7791419
0.81085671
0.26450192
-0.20013074
-0.32213004
-0.46501302
-0.82198585
-1.13444864
-1.16284271
-1.07717528
-1.27562614
-1.74800467
-1.94641882
-1.66708934
-1.41353767
-1.429557
-1.3076009
-0.92789373
-0.64306811
-0.43592627
-0.06421471
0.32282874
0.45692799
0.1758365
-0.53338771
-1.17752307
-1.17084809
-0.65702624
-0.17246271
0.07238949
0.07696348
-0.24331181
-0.77502491
-1.05466132
-0.9154982
-0.79189491
-0.94770181
-1.08393204
-0.9988956
-0.80684762
-0.46193486
0.10506603
0.72056955
1.11525064
0.91607777
0.13136289
-0.46809866
-0.37146342
0.02504308
0.12760428
-0.2585795
-0.83265366
-1.09363784
-0.92987108
-0.68892276
-0.67407118
-0.93194321
-1.37805345
-1.75343368
-1.72619241
-1.27843582
-0.73936003
-0.45227506
-0.53414359
-0.81927956
-1.06502164
-1.16524805
-0.99958799
-0.52467967
-0.12016951
-0.1276437
-0.2633502
-0.10168927
0.33382207
0.81584181
1.25023342
1.47539332
1.26182248
0.75404647
0.32448798
0.08013741
-0.06001281
-0.13873242
-0.2442487
-0.47621531
-0.62692453
-0.34162233
0.31814771
0.91813636
1.05514303
0.68573756
0.26123313
0.15159014
0.19967766
0.31584279
0.72579831
1.22098693
1.26815714
1.01010733
1.00388234
1.30677097
1.55970911
1.41720663
0.79929031
0.04078304
-0.44712003
-0.6733417
-0.85449651
-0.81801467
-0.3611432
-0.00798676
-0.2273205
-0.4599588
-0.13478687
0.39086601
0.66253172
0.76141979
0.88290231
0.99755603
0.96028434
0.82795867
0.92177413
1.27965355
1.46480792
1.31860526
1.1682939
1.11694989
0.89763028
0.44441285
0.13281942
0.26253448
0.56262107
0.56331689
0.20862091
-0.26281901
-0.7504355
-1.20769201
-1.42046443
-1.1894359
-0.60264233
-0.03237898
0.2126518
0.19632709
0.23911587
0.55899774
0.9485347
0.93265723
0.42743276
-0.11064798
-0.31408701
-0.26795617
-0.16699047
-0.0328608
0.10931846
0.19899204
0.34624755
0.62292814
0.74907856
0.51599031
0.16530962
-0.13893974
-0.46263702
-0.56254416
-0.17595987
0.36639573
0.56328992
0.43211356
0.34257902
0.37478703
0.27435119
0.01009769
-0.09852178
0.14744758
0.5257322
0.66033264
0.482092
0.18627082
-0.10784112
-0.26111355
-0.08916
0.28800704
0.61032661
0.83433883
0.92479847
0.8118917
0.71797362
0.88815314
1.12027635
1.12650561
0.92165739
0.6016169
0.29355604
0.24749076
0.5728699
1.00018545
1.14491557
0.94877191
0.66137665
0.50795569
0.46267822
0.30313547
-0.04920113
-0.43686214
-0.70943049
-0.79600721
-0.65490819
-0.32630787
-0.04470361
-0.10813687
-0.44494639
-0.61857393
-0.4358129
-0.16180622
-0.04329517
-0.00442621
0.10367003
0.20142738
0.10223092
-0.11088238
-0.18454624
-0.12603042
-0.05772087
0.10146836
0.38442178
0.54133455
0.32957578
-0.10512815
-0.35548198
-0.28960645
-0.13464937
-0.05951389
-0.0619151
-0.09937059
-0.08610975
0.01574467
0.06994168
-0.04324525
-0.21829697
-0.29350952
-0.26073094
-0.18966936
-0.1358862
-0.19389975
-0.39722242
-0.57528954
-0.56890729
-0.42656227
-0.26750236
-0.14626154
-0.05160513
0.01449597
0.02068952
0.02100548
0.09063902
0.12468556
0.00256149
-0.12293313
-0.0684928
0.03385583
-0.0025725
-0.09526422
-0.08983859
0.02676113
0.19135775
0.30771856
0.28433897
0.18423963
0.17670901
0.26886841
0.32889475
0.33084777
0.34861454
0.37634586
0.32060721
0.14895071
-0.04669185
-0.13867123
-0.13088892
-0.12635867
-0.12496657
-0.08793091
-0.06718634
-0.10998196
-0.19237322
-0.25591535
-0.26150531
-0.22961915
-0.20191192
-0.17210197
-0.10228474
0.00835183
0.11393771
0.19899228
0.31713034
0.4674812
0.53241596
0.43221071
0.21941599
0.02178631
-0.0475547
0.02401872
0.1587177
0.25256996
0.21839469
0.06846389
-0.05903572
-0.06587753
-0.05164931
-0.13794106
-0.22978807
-0.20864156
-0.16827903
-0.20636643
-0.22856595
-0.14533235
-0.04233137
-0.0271748
-0.08786581
-0.15682841
-0.17927776
-0.15350462
-0.13952746
-0.17386499
-0.24110378
-0.30305979
-0.29226695
-0.17124017
0.00724961
0.14260839
0.17293044
0.14216853
0.1341236
0.15069122
0.12906133
0.05655263
0.01968426
0.07083989
0.13276808
0.15170252
0.17227984
0.21449779
0.25703843
0.29752291
0.32025855
0.29319107
0.23573379
0.20059781
0.18892044
0.15736174
0.10467553
0.07563449
0.07071873
0.04457789
-0.00081155
-0.01736687
0.0092958
0.04624167
0.05147667
0.01425352
-0.02623517
-0.03118825
-0.01278726
-0.00319528
-0.01385976
-0.03326498
-0.04474813
-0.05040656
-0.05568132
-0.04599292
-0.01970293
-0.00347665
-0.01113004
-0.02927419
-0.0407045
-0.03991742
-0.03497965
0.00310672
