0.0
4.76e-05
0.000130777
0.000106999
0.000166443
0.000154554
-0.000118888
-0.000166443
3.57e-05
0.000118888
-0.000118888
-0.001272102
-0.003043533
-0.003519085
-0.003887638
-0.00347153
-0.003970859
-0.002425315
0.002722535
0.009190043
0.01218602
0.009083043
0.003102977
0.001248324
0.00089166
-0.001664432
-0.002389649
-0.002258872
0.006372397
0.022446054
0.031850095
0.030268884
0.018201753
0.011056584
0.013826674
0.00386386
-0.010925807
-0.021566282
-0.031624208
-0.042871015
-0.045129885
-0.036296506
-0.023230716
-0.004648521
0.007799053
0.004422633
0.006384285
0.01852275
0.04123036
0.03300331
-0.001830875
-0.017749978
-0.019140969
-0.008536159
0.0059444
0.01109225
-0.006098954
-0.050063737
-0.084993028
-0.088963894
-0.058338343
-0.03870993
-0.009190043
0.009796372
0.010485922
-0.004018414
-0.000618218
-0.014813445
-0.021209619
-0.001105658
-0.014040673
-0.019105303
-0.009950925
-0.032920088
-0.04043381
-0.012447574
-0.042894789
-0.100175031
-0.123964518
-0.131525794
-0.171947714
-0.206163681
-0.162864671
-0.117722894
-0.159940026
-0.178688664
-0.174384918
-0.117818009
-0.042978013
0.006859838
0.064651294
0.07606454
0.037901493
0.059479668
0.095086624
0.099723254
0.014183338
-0.085682585
-0.118400563
-0.075695992
-0.036534282
-0.068122825
-0.085159476
-0.066696168
0.02873523
0.139039516
0.092090642
0.024205597
-0.036902835
-0.075969433
-0.094551628
-0.044357114
-0.026963797
-0.083827929
-0.177749449
-0.186107275
-0.104680884
-0.026119694
0.057839012
0.071261466
0.003352642
-0.08758479
-0.110981949
-0.152188529
-0.210514982
-0.172827486
-0.02646447
0.129041035
0.232295263
0.220882015
0.216625825
0.245753385
0.240427202
0.204439805
0.148193892
0.041468136
0.096025839
0.196628863
0.13285734
0.024027265
-0.001723876
0.06647028
0.156801383
0.167085195
0.13830241
0.079821401
0.086324574
0.109567182
0.052275054
0.041717798
0.012518906
-0.087370792
-0.149358994
-0.147040678
-0.122977747
-0.113312156
-0.027201573
0.022220166
0.040754804
0.035785287
0.054510149
0.069977477
0.007549388
-0.01744087
0.035416734
0.058671229
0.00228265
-0.05178761
-0.141702607
-0.213166184
-0.255977753
-0.198126852
-0.050123182
0.042502462
0.039090376
0.077693313
0.176144461
0.253409772
0.241960858
0.194524546
0.105120774
0.022802718
-0.021078841
-0.01465889
-0.008191383
-0.030827658
-0.08146206
-0.132203456
-0.166562088
-0.135484765
-0.055603916
-0.073032898
-0.097987488
-0.03935193
-0.023551713
0.027082685
0.155089396
0.232402262
0.255002871
0.138135967
0.00287709
-0.022374723
-0.051252619
-0.057910345
-0.059562887
-0.017607313
-0.002437204
0.016537321
0.023420936
-0.070500586
-0.151213647
-0.134807103
-0.102612232
-0.16575365
-0.184954062
-0.151308758
-0.09750005
-0.002211317
0.069406814
0.009249487
-0.069180926
-0.09650139
-0.065257622
0.056911684
0.183420406
0.221761786
0.174884248
0.05814812
-0.021173953
-0.048946191
-0.033419416
-0.005861178
-0.046437653
-0.076123985
0.023718157
0.138385632
0.06588773
-0.099164483
-0.180852426
-0.14524547
-0.10638098
-0.107867079
-0.126152057
-0.099735141
-0.018689194
0.080927064
0.165587206
0.198578626
0.182909188
0.231094494
0.274607502
0.19477421
0.124570846
0.05240583
0.070833468
0.027332351
-0.118483783
-0.145661578
-0.131609016
-0.110351846
-0.039458928
0.042240908
0.036189508
0.002306427
0.012756682
0.079405295
0.183503628
0.251257899
0.230749719
0.15048843
0.076694652
0.014837222
-0.03793716
-0.072295793
-0.06530518
-0.025132923
0.007870386
0.011662912
0.04043381
0.109222408
0.075660321
-0.045153664
-0.044178783
-0.039589705
-0.08298382
-0.085444804
-0.064900962
-0.06500796
-0.005159739
0.097274166
0.174159031
0.169153846
0.086693132
-0.026642801
-0.127043717
-0.145673466
-0.099984809
-0.067159831
-0.070132034
-0.024490928
0.00772772
0.035167072
0.001343434
-0.032967641
-0.070239032
-0.047507646
0.020199071
-0.013862341
-0.008001162
0.001545544
-0.024146153
0.002460981
0.062071424
0.201598382
0.316860298
0.3209976
0.270577199
0.175395466
0.059099227
0.058350229
0.092138201
0.035226514
-0.076658981
-0.134890325
-0.079833288
0.028984894
0.061084656
0.064318407
0.116260579
0.138968183
0.084862251
0.101566023
0.14970377
0.138183522
0.063652634
0.010462144
-0.028675784
-0.078834636
-0.078727634
-0.076730314
-0.093077416
-0.044499778
0.06500796
0.127269604
0.120813986
0.01376723
-0.004482078
0.049861627
0.011651024
-0.160261024
-0.248761251
-0.238215886
-0.097167164
0.069620812
0.064520516
-0.045652994
-0.115559135
-0.06996559
-0.029258337
0.010795031
0.094004744
0.075149108
0.031089211
0.001414767
0.012079021
-0.027938679
-0.137803081
-0.163577999
-0.163007337
-0.213368294
-0.212429078
-0.188675256
-0.124975066
-0.010188701
0.035725844
0.026000806
0.037782608
0.039411371
0.045320108
0.020948064
-0.019901851
-0.047935644
-0.072188794
-0.082234827
-0.055306695
-0.027950569
-0.020448737
0.043679452
0.075826769
0.092601864
0.112777159
0.087394568
-0.026036472
-0.096644054
-0.135817651
-0.126639498
-0.156064278
-0.173445703
-0.188508813
-0.183408518
-0.151439534
-0.077598196
0.065103071
0.164101106
0.105608213
-0.03865049
-0.098272817
-0.143426483
-0.163043003
-0.053107271
0.001379101
0.027891126
0.081949498
0.173647813
0.232497373
0.155101285
0.045022887
-0.003935193
0.014326004
-0.000249665
-0.042264682
0.003554751
0.011639135
-0.064912848
-0.123798074
-0.202597041
-0.276854486
-0.279458133
-0.2585814
-0.220596684
-0.166466978
-0.062392424
0.050670064
-0.005694735
-0.104787887
-0.14603013
-0.135401543
-0.071118802
0.054652814
0.07694431
0.080130513
0.121646202
0.156361498
0.116260579
0.09890293
0.098760264
0.088547779
-0.007941719
-0.101161794
-0.06906204
-0.051216948
-0.097975601
-0.18388407
-0.204463582
-0.100995356
0.038614824
0.069882366
-0.007858497
-0.04835175
-0.043406006
0.026024583
0.097428717
0.098558156
0.016882096
-0.089534552
-0.076005095
-0.070322251
-0.080879506
-0.055806026
-0.038876374
0.050004292
0.129944584
0.100519805
0.036676949
0.012637794
0.060692324
0.151546534
0.194203548
0.107201313
-0.013588898
-0.012744794
0.041575134
0.049683296
0.118888
0.122668638
0.060941986
-0.010985251
-0.048280417
-0.049409855
-0.067278717
-0.148954775
-0.14593502
-0.098237156
-0.078204525
-0.041147137
0.020472514
0.052821937
-0.014421114
-0.080451513
-0.066101727
0.014896666
0.066648614
0.183753293
0.288838396
0.221619121
0.144876917
0.117806122
0.074483336
0.003768749
-0.063652634
-0.126734608
-0.176489236
-0.162912226
-0.122799415
-0.039982033
0.049921072
0.152033974
0.197544301
0.134497994
0.150024767
0.212345857
0.244742837
0.21795737
0.148883442
0.099663809
0.040207922
-0.007026281
-0.068657822
-0.196807195
-0.251162789
-0.17625146
-0.106856531
-0.049611965
-0.064841516
-0.076849203
-0.028449898
0.039803702
0.060858767
0.082948159
0.145114693
0.11429892
-0.022981052
-0.100769472
-0.08618191
-0.038424602
0.018772416
-0.02923456
-0.013553232
0.090806654
0.15494673
0.172554043
0.166633421
0.105406103
0.011116028
-0.04011281
-0.075814882
-0.041896129
0.048220973
0.1471239
0.225673202
0.213154295
0.214176732
0.237110227
0.200159837
0.140739614
0.091638866
0.098593817
0.12611639
0.16218701
0.132393677
0.098201486
0.031433987
0.015312774
0.16564665
0.233567365
0.099212032
-0.044642443
-0.068978816
-0.033466972
-0.052370165
-0.104954326
-0.148467334
-0.23391214
-0.211085644
-0.088773672
-0.013945562
-0.000487441
0.001557433
0.077978642
0.145067138
0.153722184
0.121134983
0.032432645
-0.082282385
-0.117687232
-0.160344246
-0.206532234
-0.209373657
-0.165123543
-0.104609552
-0.043536784
0.05011129
0.029127559
-0.025929474
-0.016679986
0.006408063
0.034739074
0.068574598
0.078644414
0.130289359
0.214628506
0.200635389
0.121990977
0.076765984
-0.034691518
-0.081152948
-0.079274517
-0.036855279
0.009392152
0.007359167
-0.075802985
-0.188556368
-0.245765274
-0.200754277
-0.03823438
0.106820869
0.144865028
0.098558156
0.031041658
0.006598284
-0.054878702
-0.175728353
-0.167311082
-0.108758745
-0.109686072
-0.111528833
-0.091722094
0.03753294
0.160237246
0.164933322
0.090188438
0.020627067
0.008250827
0.031636097
0.057256463
0.071677576
0.046366321
0.035357291
0.071154468
0.009237598
-0.031315099
-0.034953072
-0.06647028
-0.16406544
-0.191742566
-0.064104411
0.052762497
0.063295972
0.057696348
0.018915081
-0.063640746
-0.170675613
-0.171174942
-0.199149289
-0.275035499
-0.305922602
-0.220323242
-0.16674042
-0.140917946
-0.065257622
-0.023741934
0.072842676
0.180139098
0.18229097
0.153781628
0.131739793
0.04348923
-0.049255298
-0.101411463
-0.114061148
-0.072973453
-0.028045679
-0.075208544
-0.139574512
-0.155719502
-0.114263258
0.015728882
0.068253603
0.006574507
-0.08858345
-0.134295885
-0.058706896
-0.035559401
-0.091056322
-0.134604994
-0.137791192
-0.086728794
0.026333693
0.073508449
0.108675526
0.117711006
0.131692238
0.153353631
0.134058109
0.040457589
-0.104740329
-0.172161713
-0.11517869
-0.07380567
-0.040695364
-0.060002771
-0.077027539
-0.070369808
-0.020936177
0.033859304
0.061655318
0.068170379
0.063129529
0.103610892
0.123905074
0.092910968
0.031350766
0.015562439
-0.008583714
-0.090449993
-0.139503179
-0.111837944
-0.068717263
-0.041468136
-0.040196034
-0.028687674
-0.038281937
-0.082413163
-0.098736482
-0.120540543
-0.131157242
-0.05448637
0.028842228
0.011246805
-0.005338071
0.067159831
0.101530352
0.099152597
0.07586243
0.055675248
0.056757132
0.044143112
0.00534996
-0.013565121
-0.043299008
-0.062511309
-0.065400286
-0.057957898
-0.028414232
-0.013886118
-0.014183338
-0.013446233
-0.048601412
-0.061821761
-0.058695003
-0.033716637
-0.000998659
0.011223027
0.015693216
0.017607313
0.043679452
0.050943507
0.0491483
0.046485207
0.037972825
0.009832038
-0.001046214
0.017203094
0.048090195
0.074174223
0.0625232
0.015277108
-0.021209619
-0.027879236
-0.004172969
0.028913563
0.040766696
0.02853312
0.012352463
0.029995442
0.05330938
0.057018682
0.06122732
0.054165372
0.043513009
0.016299545
-0.019283634
-0.037200053
-0.02595325
-0.015407885
-0.012423796
-0.00574229
-0.003935193
-0.006562618
-0.013624565
-0.032824977
-0.044262002
-0.051478503
-0.041135249
0.011603469
0.043453564
0.019854296
0.014230894
0.014861
0.008690713
0.016953429
0.025406364
0.030447217
0.02149495
0.041349245
0.071249578
0.075339322
0.053368824
0.026048362
0.01069992
0.016810763
0.034964962
0.03576151
0.013018236
-0.01129436
-0.010818808
0.00416108
0.006610173
-0.006324842
-0.007478055
0.006134621
0.014730223
0.009998481
0.014516225
0.020496292
0.013719675
-0.001379101
-0.024455263
-0.036106287
-0.039363817
-0.042621348
-0.039649146
-0.020769734
0.010533477
0.028877894
0.030173774
0.023634936
0.013743453
0.01129436
0.01644221
0.017821311
0.011270582
0.005219183
-0.001462323
-0.003875749
-0.003388308
-0.005932511
-0.005290516
0.005659069
0.012935014
0.01099714
0.012459462
0.006324842
0.007608832
0.002342094
-0.012804238
-0.018320641
-0.026797354
-0.02951989
-0.02050818
-0.00812005
0.00505274
0.018986412
0.021911058
0.019628409
0.017191205
0.013363011
0.007228391
0.008215161
0.006610173
-0.0029722
-0.006800393
0.004172969
0.010485922
0.006824171
0.009285153
0.012828015
0.008690713
0.000332886
-0.003019755
-0.004351301
-0.007204613
-0.00336453
-0.00059444
-0.003245643
-0.003935193
-0.000463663
0.005694735
0.002365871
-0.009130598
-0.018498973
-0.020068294
-0.018689194
-0.015574328
-0.01298257
-0.012804238
-0.011484581
-0.004791186
0.003709306
0.00485063
0.004398856
0.002841423
-0.000487441
-0.003447752
-0.002235094
0.003602306
0.004517744
0.003828194
-0.005873067
-0.014611335
-0.018082865
-0.021114508
-0.016572987
-0.005837401
-0.002746313
-0.004339412
-0.008262716
-0.004838741
0.006170287
0.010331367
0.004612854
-0.000154554
0.001058103
0.005861178
0.008381604
0.002591759
-0.004291857
-0.007680165
-0.010224368
-0.012435685
-0.013826674
-0.014694557
-0.014230894
-0.009380263
-0.002639313
-0.001022437
-0.000118888
-0.001723876
-0.00386386
-0.003245643
0.00128399
0.00584929
0.007834719
0.0074305
0.004006526
0.000760883
0.002663091
0.00534996
0.001604988
-0.002104318
-0.001759542
-0.00237776
-0.003685528
-0.004398856
-0.003031644
-0.003875749
-0.001248324
0.003400197
0.006633951
0.005587736
0.002865201
0.002151873
0.000570662
-0.002781979
-0.003911415
-0.00317431
-0.00118888
-0.001224546
-0.000962993
0.001081881
2.38e-05
0.000534996
0.002841423
0.00347153
0.004600965
0.00603951
0.004327523
0.001533655
-0.001545544
-0.003328864
-0.002330205
-0.001402878
-0.001925986
-0.000998659
-0.000974882
-0.000237776
0.00059444
0.001961652
0.004149191
0.006990615
0.009059265
