# time(s) Ux(mm) Uy(mm)
4.000000e-02 -1.615261e-02 -3.438946e-03
8.000000e-02 -1.437795e-02 -3.060546e-03
1.200000e-01 -1.189471e-02 -2.534140e-03
1.600000e-01 -2.553054e-04 -5.403399e-05
2.000000e-01 -3.154015e-02 -6.710964e-03
2.400000e-01 -4.700798e-02 -1.001861e-02
2.800000e-01 1.539876e-01 3.279026e-02
3.200000e-01 3.301336e-02 7.016562e-03
3.600000e-01 2.240216e-01 4.772352e-02
4.000000e-01 -4.126750e-01 -8.787053e-02
4.400000e-01 5.162234e-01 1.098816e-01
4.800000e-01 -3.910014e-01 -8.318247e-02
5.200000e-01 -2.664183e-01 -5.677786e-02
5.600000e-01 2.744827e-01 5.844232e-02
6.000000e-01 4.385506e-02 9.339986e-03
6.400000e-01 2.697733e-01 5.742611e-02
6.800000e-01 1.065826e+00 2.268952e-01
7.200000e-01 -9.732437e-01 -2.070347e-01
7.600000e-01 -4.726393e-01 -1.008019e-01
8.000000e-01 -7.799302e-02 -1.652963e-02
8.400000e-01 5.940316e-01 1.263850e-01
8.800000e-01 -1.712398e+00 -3.643638e-01
9.200000e-01 -4.584611e-01 -9.788227e-02
9.600000e-01 -1.263578e+00 -2.687937e-01
1.000000e+00 5.139081e-01 1.090717e-01
1.040000e+00 -3.120433e-02 -6.329752e-03
1.080000e+00 -1.369497e+00 -2.917009e-01
1.120000e+00 -1.421939e+00 -3.027563e-01
1.160000e+00 9.510133e-01 2.024238e-01
1.200000e+00 -8.268146e-01 -1.760422e-01
1.240000e+00 -8.349714e-01 -1.775819e-01
1.280000e+00 -2.353509e+00 -5.013132e-01
1.320000e+00 1.027654e+00 2.187258e-01
1.360000e+00 5.482286e+00 1.167026e+00
1.400000e+00 1.619452e+00 3.451807e-01
1.440000e+00 3.779743e+00 8.045837e-01
1.480000e+00 3.715987e+00 7.911658e-01
1.520000e+00 2.244213e+00 4.783058e-01
1.560000e+00 -5.370449e+00 -1.143415e+00
1.600000e+00 -2.528405e+00 -5.384235e-01
1.640000e+00 -2.808110e+00 -5.979854e-01
1.680000e+00 2.068304e+00 4.400026e-01
1.720000e+00 1.517936e+00 3.236480e-01
1.760000e+00 -2.201416e+00 -4.689725e-01
1.800000e+00 -8.818432e-01 -1.873661e-01
1.840000e+00 -6.728899e-01 -1.439977e-01
1.880000e+00 1.959543e+00 4.180389e-01
1.920000e+00 -2.170567e+00 -4.630325e-01
1.960000e+00 2.660562e+00 5.674232e-01
2.000000e+00 3.863173e-01 8.102636e-02
2.040000e+00 4.557186e+00 9.715696e-01
2.080000e+00 -1.544064e+00 -3.296841e-01
2.120000e+00 1.492821e+00 3.185845e-01
2.160000e+00 2.850969e+00 6.064074e-01
2.200000e+00 -6.295128e+00 -1.339405e+00
2.240000e+00 2.268436e+00 4.819751e-01
2.280000e+00 -1.234821e+00 -2.623077e-01
2.320000e+00 -1.286693e+00 -2.739612e-01
2.360000e+00 -8.463770e+00 -1.802043e+00
2.400000e+00 5.367690e+00 1.142211e+00
2.440000e+00 -3.940514e+00 -8.382982e-01
2.480000e+00 4.864657e+00 1.034922e+00
2.520000e+00 6.815292e-01 1.458646e-01
2.560000e+00 -6.169027e-01 -1.316591e-01
2.600000e+00 -2.406016e+00 -5.119041e-01
2.640000e+00 -2.919026e+00 -6.218674e-01
2.680000e+00 -6.930585e-01 -1.473240e-01
2.720000e+00 -5.394279e+00 -1.148580e+00
2.760000e+00 -2.753820e-01 -5.901860e-02
2.800000e+00 1.220926e+01 2.598944e+00
2.840000e+00 2.747205e+00 5.859532e-01
2.880000e+00 2.425005e+00 5.161013e-01
2.920000e+00 -3.422344e+00 -7.284403e-01
2.960000e+00 -6.966527e+00 -1.482670e+00
3.000000e+00 -2.571932e+00 -5.490716e-01
3.040000e+00 -2.614302e-01 -5.431697e-02
3.080000e+00 2.793636e+00 5.931394e-01
3.120000e+00 2.671160e+00 5.702207e-01
3.160000e+00 -3.038105e+00 -6.474015e-01
3.200000e+00 -3.215846e+00 -6.846759e-01
3.240000e+00 5.266792e+00 1.121225e+00
3.280000e+00 -3.693844e+00 -7.861890e-01
3.320000e+00 2.444222e+00 5.199719e-01
3.360000e+00 7.086705e+00 1.508993e+00
3.400000e+00 -2.657684e+00 -5.656388e-01
3.440000e+00 9.891737e+00 2.105739e+00
3.480000e+00 -1.170303e+01 -2.490281e+00
3.520000e+00 -7.433559e+00 -1.584119e+00
3.560000e+00 1.090743e+01 2.322207e+00
3.600000e+00 -4.216421e+00 -8.970382e-01
3.640000e+00 4.004879e-01 8.502304e-02
3.680000e+00 4.448712e+00 9.466026e-01
3.720000e+00 -2.290789e-01 -4.768238e-02
3.760000e+00 2.047006e+00 4.349770e-01
3.800000e+00 -9.280655e+00 -1.974980e+00
3.840000e+00 1.618894e+01 3.444885e+00
3.880000e+00 -3.834442e+00 -8.141495e-01
3.920000e+00 2.548935e+00 5.413323e-01
3.960000e+00 -4.341207e+00 -9.231239e-01
4.000000e+00 -9.801015e+00 -2.087243e+00
4.040000e+00 3.412673e+00 7.260198e-01
4.080000e+00 -6.252207e+00 -1.330389e+00
4.120000e+00 -8.753688e-01 -1.871042e-01
4.160000e+00 -1.895695e-01 -4.029160e-02
4.200000e+00 9.126570e+00 1.942717e+00
4.240000e+00 4.741196e+00 1.009967e+00
4.280000e+00 5.830141e+00 1.241294e+00
4.320000e+00 -5.127756e+00 -1.091060e+00
4.360000e+00 -2.103738e+00 -4.484201e-01
4.400000e+00 -5.617925e+00 -1.195799e+00
4.440000e+00 -6.558851e+00 -1.396482e+00
4.480000e+00 -1.101457e+00 -2.354560e-01
4.520000e+00 7.700877e+00 1.640096e+00
4.560000e+00 -3.123409e+00 -6.649764e-01
4.600000e+00 4.010463e+00 8.536957e-01
4.640000e+00 -3.723901e-01 -7.887758e-02
4.680000e+00 -3.311193e+00 -7.051847e-01
4.720000e+00 3.415287e-02 7.365966e-03
4.760000e+00 -1.801357e+00 -3.837354e-01
4.800000e+00 -4.274906e+00 -9.096712e-01
4.840000e+00 -2.436576e+00 -5.195695e-01
4.880000e+00 2.633018e+00 5.609443e-01
4.920000e+00 -3.922436e+00 -8.350801e-01
4.960000e+00 -8.383610e-02 -1.801156e-02
5.000000e+00 -2.530617e+00 -5.388220e-01
5.040000e+00 4.755769e+00 1.012440e+00
5.080000e+00 -3.959583e+00 -8.429003e-01
5.120000e+00 1.082840e+01 2.304996e+00
5.160000e+00 3.468371e+00 7.387774e-01
5.200000e+00 7.882348e+00 1.678528e+00
5.240000e+00 -5.108793e+00 -1.087299e+00
5.280000e+00 -5.772792e+00 -1.229168e+00
5.320000e+00 4.019346e+00 8.549706e-01
5.360000e+00 1.678918e+00 3.580995e-01
5.400000e+00 2.884071e+00 6.136860e-01
5.440000e+00 6.168913e+00 1.313432e+00
5.480000e+00 -1.137679e+00 -2.414919e-01
5.520000e+00 3.027567e+00 6.437319e-01
5.560000e+00 4.590429e+00 9.779069e-01
5.600000e+00 4.932260e+00 1.049979e+00
5.640000e+00 -5.075888e+00 -1.079949e+00
5.680000e+00 -7.717908e+00 -1.643473e+00
5.720000e+00 -1.430191e+00 -3.050242e-01
5.760000e+00 -3.115651e+00 -6.630520e-01
5.800000e+00 1.568430e+00 3.336666e-01
5.840000e+00 -9.871161e+00 -2.101225e+00
5.880000e+00 -4.440689e+00 -9.456112e-01
5.920000e+00 -4.239264e+00 -9.035578e-01
5.960000e+00 1.715191e+00 3.663123e-01
6.000000e+00 -3.002476e-02 -8.136747e-03
6.040000e+00 1.271353e+01 2.708183e+00
6.080000e+00 -8.494422e+00 -1.808368e+00
6.120000e+00 -4.983904e+00 -1.061467e+00
6.160000e+00 2.857949e+00 6.083285e-01
6.200000e+00 -3.137012e+00 -6.678173e-01
6.240000e+00 -8.988806e-02 -1.911645e-02
6.280000e+00 3.021557e+00 6.430277e-01
6.320000e+00 -6.046995e+00 -1.286899e+00
6.360000e+00 8.929647e+00 1.900277e+00
6.400000e+00 -3.493169e+00 -7.428449e-01
6.440000e+00 5.649190e+00 1.202331e+00
6.480000e+00 -4.960347e+00 -1.055712e+00
6.520000e+00 -1.531579e+00 -3.260001e-01
6.560000e+00 -7.244030e+00 -1.542656e+00
6.600000e+00 7.067919e+00 1.504396e+00
6.640000e+00 -2.502029e+00 -5.320645e-01
6.680000e+00 8.297333e+00 1.765716e+00
6.720000e+00 4.034427e-01 8.687141e-02
6.760000e+00 7.327433e+00 1.559380e+00
6.800000e+00 -1.496695e+00 -3.178561e-01
6.840000e+00 6.302566e+00 1.341246e+00
6.880000e+00 1.115665e-01 2.441487e-02
6.920000e+00 8.790862e-01 1.868170e-01
6.960000e+00 5.431308e+00 1.156413e+00
7.000000e+00 -7.774040e-01 -1.651820e-01
7.040000e+00 -3.664564e+00 -7.799352e-01
7.080000e+00 -6.029676e+00 -1.284174e+00
7.120000e+00 -8.118163e+00 -1.727898e+00
7.160000e+00 -5.471394e+00 -1.165927e+00
7.200000e+00 5.474462e+00 1.165377e+00
7.240000e+00 3.132997e+00 6.676531e-01
7.280000e+00 -1.694480e-01 -3.672942e-02
7.320000e+00 7.481299e+00 1.593548e+00
7.360000e+00 -6.173343e+00 -1.314439e+00
7.400000e+00 -2.701192e-01 -5.758084e-02
7.440000e+00 7.546901e+00 1.606288e+00
7.480000e+00 -7.521675e+00 -1.600130e+00
7.520000e+00 8.166953e-01 1.726175e-01
7.560000e+00 -1.487321e+00 -3.159648e-01
7.600000e+00 -2.289959e+00 -4.877088e-01
7.640000e+00 -5.207598e+00 -1.108758e+00
7.680000e+00 -4.762039e-01 -1.017356e-01
7.720000e+00 4.327191e+00 9.212480e-01
7.760000e+00 -2.931411e+00 -6.236974e-01
7.800000e+00 -3.474107e+00 -7.397062e-01
7.840000e+00 3.414458e+00 7.260414e-01
7.880000e+00 4.520418e+00 9.635893e-01
7.920000e+00 -4.398674e+00 -9.371439e-01
7.960000e+00 -1.519780e-01 -3.183083e-02
8.000000e+00 -7.324979e-02 -1.624311e-02
8.040000e+00 1.037640e+00 2.212823e-01
8.080000e+00 2.775829e+00 5.908719e-01
8.120000e+00 -1.084772e-01 -2.307249e-02
8.160000e+00 -3.246262e+00 -6.905357e-01
8.200000e+00 -5.396297e-01 -1.160433e-01
8.240000e+00 5.047130e+00 1.075351e+00
8.280000e+00 3.770675e+00 8.022148e-01
8.320000e+00 3.335285e+00 7.107377e-01
8.360000e+00 7.924776e-01 1.687348e-01
8.400000e+00 -4.235585e+00 -9.017050e-01
8.440000e+00 -2.068547e+00 -4.403537e-01
8.480000e+00 -5.702755e+00 -1.214304e+00
8.520000e+00 -4.335796e+00 -9.231965e-01
8.560000e+00 3.967735e+00 8.442091e-01
8.600000e+00 -7.160516e+00 -1.523468e+00
8.640000e+00 -1.231760e+00 -2.635258e-01
8.680000e+00 6.310525e+00 1.343905e+00
8.720000e+00 5.350255e+00 1.139020e+00
8.760000e+00 1.588089e+00 3.386386e-01
8.800000e+00 -3.091739e-01 -6.590171e-02
8.840000e+00 -5.155088e+00 -1.097392e+00
8.880000e+00 6.736960e+00 1.433594e+00
8.920000e+00 1.555074e+00 3.317763e-01
8.960000e+00 1.532499e+00 3.262106e-01
9.000000e+00 -8.266542e-02 -1.770932e-02
9.040000e+00 6.014427e-03 1.634361e-03
9.080000e+00 7.903747e-01 1.678486e-01
9.120000e+00 -4.944920e+00 -1.052191e+00
9.160000e+00 6.567995e+00 1.397330e+00
9.200000e+00 -5.901623e+00 -1.255178e+00
9.240000e+00 2.713403e+00 5.764602e-01
9.280000e+00 1.260566e+00 2.690560e-01
9.320000e+00 6.224673e-02 1.322602e-02
9.360000e+00 3.140841e-01 6.653294e-02
9.400000e+00 2.929671e-01 6.307499e-02
9.440000e+00 -7.329595e+00 -1.560994e+00
9.480000e+00 3.064423e+00 6.523081e-01
9.520000e+00 3.087596e-01 6.578343e-02
9.560000e+00 -2.126940e+00 -4.525973e-01
9.600000e+00 -6.418418e-01 -1.368959e-01
9.640000e+00 -4.491482e+00 -9.560741e-01
9.680000e+00 1.788204e+00 3.803121e-01
9.720000e+00 2.009523e+00 4.277768e-01
9.760000e+00 2.599199e+00 5.538971e-01
9.800000e+00 -2.678000e+00 -5.705701e-01
9.840000e+00 -1.729723e+00 -3.675821e-01
9.880000e+00 -4.687884e+00 -9.989209e-01
9.920000e+00 8.057069e-01 1.720325e-01
9.960000e+00 -4.016335e-01 -8.610886e-02
1.000000e+01 2.474780e+00 5.273578e-01
1.004000e+01 -2.535313e+00 -5.398734e-01
1.008000e+01 2.041589e+00 4.344263e-01
1.012000e+01 3.452304e+00 7.351644e-01
1.016000e+01 -4.472811e-01 -9.502580e-02
1.020000e+01 1.472338e+00 3.132344e-01
1.024000e+01 1.240637e+00 2.643923e-01
1.028000e+01 -2.399244e+00 -5.107024e-01
1.032000e+01 -5.410506e+00 -1.151907e+00
1.036000e+01 -1.826250e+00 -3.891890e-01
1.040000e+01 2.524908e+00 5.373752e-01
1.044000e+01 3.267934e+00 6.959541e-01
1.048000e+01 4.780805e+00 1.017699e+00
1.052000e+01 4.304745e-01 9.223588e-02
1.056000e+01 1.121771e+00 2.383989e-01
1.060000e+01 5.748774e-01 1.228027e-01
1.064000e+01 -5.380926e-01 -1.147758e-01
1.068000e+01 -6.254815e-01 -1.330007e-01
1.072000e+01 -1.110264e+00 -2.365095e-01
1.076000e+01 8.280942e-01 1.762029e-01
1.080000e+01 5.179066e+00 1.102499e+00
1.084000e+01 2.594511e+00 5.527521e-01
1.088000e+01 8.000963e-01 1.704419e-01
1.092000e+01 -4.415308e+00 -9.398838e-01
1.096000e+01 -3.198082e+00 -6.809833e-01
1.100000e+01 -2.594000e+00 -5.526632e-01
1.104000e+01 3.613025e+00 7.693201e-01
1.108000e+01 -2.935623e+00 -6.248160e-01
1.112000e+01 -1.829156e+00 -3.895695e-01
1.116000e+01 -7.737302e-01 -1.647812e-01
1.120000e+01 -1.724815e+00 -3.672597e-01
1.124000e+01 2.003977e+00 4.265080e-01
1.128000e+01 -7.689918e-01 -1.634617e-01
1.132000e+01 -1.941657e+00 -4.135099e-01
1.136000e+01 -8.100076e-01 -1.724222e-01
1.140000e+01 -1.632232e+00 -3.476293e-01
1.144000e+01 -1.744549e+00 -3.712808e-01
1.148000e+01 2.763038e-02 5.535535e-03
1.152000e+01 -1.149461e+00 -2.444273e-01
1.156000e+01 3.565826e+00 7.586912e-01
1.160000e+01 1.406753e+00 2.999861e-01
1.164000e+01 6.852369e-01 1.458039e-01
1.168000e+01 -1.164273e-01 -2.482974e-02
1.172000e+01 3.471391e+00 7.390649e-01
1.176000e+01 6.968610e-04 3.577656e-04
1.180000e+01 -1.876417e+00 -3.994370e-01
1.184000e+01 -7.098357e-01 -1.513373e-01
1.188000e+01 1.479220e+00 3.149431e-01
1.192000e+01 4.534661e-01 9.657808e-02
1.196000e+01 7.467908e-01 1.590773e-01
1.200000e+01 -1.654053e-01 -3.533436e-02
1.204000e+01 1.271513e+00 2.708753e-01
1.208000e+01 -6.474925e-02 -1.393012e-02
1.212000e+01 -8.802130e-01 -1.871459e-01
1.216000e+01 1.311045e+00 2.787534e-01
1.220000e+01 1.530384e-01 3.290789e-02
1.224000e+01 1.140346e+00 2.426169e-01
1.228000e+01 -1.270814e+00 -2.703929e-01
1.232000e+01 -2.567733e-01 -5.474825e-02
1.236000e+01 -8.020060e-01 -1.707541e-01
1.240000e+01 -1.607372e+00 -3.421809e-01
1.244000e+01 3.838388e-01 8.156096e-02
1.248000e+01 -6.083577e-01 -1.294153e-01
1.252000e+01 -7.206599e-01 -1.534577e-01
1.256000e+01 6.535253e-01 1.390109e-01
1.260000e+01 -8.041465e-01 -1.710008e-01
1.264000e+01 -5.417749e-01 -1.155139e-01
1.268000e+01 6.365347e-01 1.354948e-01
1.272000e+01 1.085179e+00 2.311009e-01
1.276000e+01 5.005969e-01 1.065890e-01
1.280000e+01 -2.184595e+00 -4.649533e-01
1.284000e+01 1.137405e+00 2.418457e-01
1.288000e+01 8.523075e-01 1.816015e-01
1.292000e+01 1.220083e+00 2.598328e-01
1.296000e+01 -1.759331e+00 -3.745676e-01
1.300000e+01 5.694065e-01 1.211985e-01
1.304000e+01 -2.331175e-01 -4.966514e-02
1.308000e+01 -2.483420e-01 -5.279516e-02
1.312000e+01 -7.467106e-01 -1.590195e-01
1.316000e+01 -2.282661e-01 -4.865251e-02
1.320000e+01 2.555319e-01 5.443576e-02
1.324000e+01 4.560791e-01 9.703109e-02
1.328000e+01 4.696846e-01 1.001038e-01
1.332000e+01 -1.477149e+00 -3.144497e-01
1.336000e+01 -1.259208e-02 -2.846489e-03
1.340000e+01 2.010242e-02 4.417540e-03
1.344000e+01 -1.696992e+00 -3.613212e-01
1.348000e+01 -7.425539e-03 -1.718944e-03
1.352000e+01 3.600955e-01 7.676296e-02
1.356000e+01 -2.561813e-01 -5.462406e-02
1.360000e+01 6.927730e-01 1.475391e-01
1.364000e+01 5.246240e-01 1.116763e-01
1.368000e+01 -3.719403e-01 -7.912186e-02
1.372000e+01 7.260741e-01 1.545134e-01
1.376000e+01 2.643085e-01 5.630314e-02
1.380000e+01 1.248640e+00 2.658215e-01
1.384000e+01 9.832339e-01 2.093875e-01
1.388000e+01 -2.682958e-01 -5.705519e-02
1.392000e+01 1.354718e-01 2.881213e-02
1.396000e+01 2.172036e-01 4.620232e-02
1.400000e+01 5.143673e-01 1.095902e-01
1.404000e+01 -2.767014e-01 -5.893004e-02
1.408000e+01 -1.452652e+00 -3.091976e-01
1.412000e+01 -2.226542e-02 -4.897510e-03
1.416000e+01 3.264211e-01 6.951746e-02
1.420000e+01 -5.641914e-01 -1.199935e-01
1.424000e+01 -2.070653e-01 -4.429623e-02
1.428000e+01 -1.165171e-02 -2.274794e-03
1.432000e+01 -5.231556e-01 -1.115389e-01
1.436000e+01 -5.256092e-01 -1.118332e-01
1.440000e+01 1.820065e+00 3.873509e-01
1.444000e+01 -7.021883e-02 -1.475927e-02
1.448000e+01 -2.380410e-01 -5.071503e-02
1.452000e+01 1.297154e-01 2.755266e-02
1.456000e+01 -2.983520e-01 -6.339428e-02
1.460000e+01 -1.598956e+00 -3.404672e-01
1.464000e+01 -4.419837e-01 -9.420031e-02
1.468000e+01 2.141904e-01 4.563564e-02
1.472000e+01 7.647913e-02 1.623427e-02
1.476000e+01 -4.127052e-01 -8.777264e-02
1.480000e+01 2.771777e-01 5.887619e-02
1.484000e+01 4.670785e-01 9.953600e-02
1.488000e+01 -2.540611e-01 -5.408553e-02
1.492000e+01 -4.684661e-02 -1.001136e-02
1.496000e+01 -4.034930e-01 -8.583664e-02
1.500000e+01 -2.864315e-01 -6.107381e-02
1.504000e+01 4.096689e-01 8.723901e-02
1.508000e+01 8.491257e-02 1.810153e-02
1.512000e+01 2.157480e-01 4.589032e-02
1.516000e+01 6.212080e-01 1.322968e-01
1.520000e+01 5.592700e-01 1.190472e-01
1.524000e+01 1.117120e-01 2.386530e-02
1.528000e+01 -2.211770e-01 -4.712690e-02
1.532000e+01 1.635630e-01 3.482896e-02
1.536000e+01 -1.956096e-01 -4.164129e-02
1.540000e+01 6.196974e-01 1.319034e-01
1.544000e+01 -3.704261e-01 -7.879500e-02
1.548000e+01 -6.248366e-02 -1.334052e-02
1.552000e+01 -2.038060e-01 -4.340283e-02
1.556000e+01 6.174000e-01 1.314302e-01
1.560000e+01 2.857282e-01 6.086889e-02
1.564000e+01 -4.925449e-01 -1.048287e-01
1.568000e+01 -4.794598e-01 -1.021050e-01
1.572000e+01 -1.151344e-01 -2.454987e-02
1.576000e+01 -4.048889e-01 -8.615966e-02
1.580000e+01 5.340397e-01 1.136044e-01
1.584000e+01 -6.255371e-01 -1.330470e-01
1.588000e+01 -1.311482e-01 -2.802428e-02
1.592000e+01 -2.900305e-01 -6.173436e-02
1.596000e+01 7.515804e-01 1.600010e-01
1.600000e+01 -2.686315e-01 -5.716753e-02
1.604000e+01 -2.144466e-01 -4.562165e-02
1.608000e+01 -6.388421e-01 -1.360547e-01
1.612000e+01 9.660660e-02 2.053466e-02
1.616000e+01 2.920659e-01 6.221948e-02
1.620000e+01 -4.644489e-01 -9.890539e-02
1.624000e+01 6.810208e-01 1.449792e-01
1.628000e+01 -2.076480e-01 -4.416175e-02
1.632000e+01 -2.835332e-01 -6.038925e-02
1.636000e+01 3.173126e-01 6.754420e-02
1.640000e+01 -3.156706e-01 -6.717875e-02
1.644000e+01 1.775439e-01 3.775963e-02
1.648000e+01 3.834611e-01 8.165907e-02
1.652000e+01 -3.136440e-01 -6.675448e-02
1.656000e+01 7.552587e-01 1.607430e-01
1.660000e+01 -4.256306e-02 -8.992240e-03
1.664000e+01 5.194650e-01 1.105536e-01
1.668000e+01 -2.071522e-01 -4.403860e-02
1.672000e+01 3.214492e-02 6.795701e-03
1.676000e+01 -2.549023e-01 -5.422035e-02
1.680000e+01 -1.044699e-01 -2.229744e-02
1.684000e+01 -4.465385e-01 -9.500947e-02
1.688000e+01 -5.511924e-02 -1.181681e-02
1.692000e+01 -3.298779e-01 -7.017122e-02
1.696000e+01 -9.438475e-02 -2.014179e-02
1.700000e+01 -2.892186e-01 -6.157341e-02
1.704000e+01 4.558801e-01 9.704596e-02
1.708000e+01 -2.141339e-01 -4.556977e-02
1.712000e+01 1.159977e-01 2.468663e-02
1.716000e+01 2.072256e-01 4.411028e-02
1.720000e+01 1.126209e-01 2.399381e-02
1.724000e+01 4.982942e-02 1.062240e-02
1.728000e+01 -2.666168e-01 -5.677170e-02
1.732000e+01 -4.529895e-02 -9.642097e-03
1.736000e+01 3.735787e-02 7.932143e-03
1.740000e+01 -6.705679e-02 -1.424986e-02
1.744000e+01 -1.166536e-01 -2.485321e-02
1.748000e+01 1.109436e-01 2.360985e-02
1.752000e+01 1.340801e-01 2.855685e-02
1.756000e+01 2.292098e-01 4.879493e-02
1.760000e+01 -1.935012e-01 -4.116875e-02
1.764000e+01 -3.171943e-03 -6.964305e-04
1.768000e+01 -1.493666e-01 -3.179435e-02
1.772000e+01 -4.218838e-02 -8.984575e-03
1.776000e+01 7.545474e-02 1.604727e-02
1.780000e+01 -6.091772e-03 -1.272824e-03
1.784000e+01 -1.858259e-01 -3.956648e-02
1.788000e+01 -4.463195e-02 -9.523822e-03
1.792000e+01 9.179536e-04 2.195465e-04
1.796000e+01 7.356862e-03 1.532484e-03
1.800000e+01 -6.763787e-02 -1.435781e-02
1.804000e+01 1.354575e-03 2.427325e-04
1.808000e+01 -5.771305e-03 -1.192298e-03
1.812000e+01 -1.008025e-01 -2.147941e-02
1.816000e+01 3.623693e-02 7.706924e-03
1.820000e+01 1.075656e-01 2.291758e-02
1.824000e+01 -3.073449e-02 -6.561635e-03
1.828000e+01 2.560361e-01 5.452238e-02
1.832000e+01 2.706730e-02 5.767649e-03
1.836000e+01 -1.108807e-01 -2.359759e-02
1.840000e+01 3.443018e-02 7.316880e-03
1.844000e+01 -1.245148e-01 -2.649774e-02
1.848000e+01 -1.625750e-01 -3.461253e-02
1.852000e+01 -7.856293e-02 -1.675204e-02
1.856000e+01 3.144661e-01 6.695566e-02
1.860000e+01 -1.320875e-01 -2.809746e-02
1.864000e+01 -1.238997e-01 -2.639625e-02
1.868000e+01 -1.567531e-01 -3.335625e-02
1.872000e+01 -1.172252e-01 -2.499353e-02
1.876000e+01 8.939936e-02 1.906087e-02
1.880000e+01 -1.403193e-01 -2.989689e-02
1.884000e+01 -1.768162e-02 -3.746630e-03
1.888000e+01 1.403065e-02 2.966564e-03
1.892000e+01 -6.704844e-02 -1.426082e-02
1.896000e+01 1.389400e-01 2.957017e-02
1.900000e+01 -9.448282e-02 -2.010843e-02
1.904000e+01 1.058132e-01 2.252537e-02
1.908000e+01 2.042872e-01 4.347863e-02
1.912000e+01 9.238904e-03 2.006685e-03
1.916000e+01 -1.615794e-01 -3.441996e-02
1.920000e+01 -4.233217e-02 -9.016219e-03
1.924000e+01 1.322974e-01 2.816783e-02
1.928000e+01 -1.086260e-01 -2.312433e-02
1.932000e+01 5.522158e-02 1.175464e-02
1.936000e+01 6.121416e-02 1.302992e-02
1.940000e+01 -7.665278e-02 -1.630998e-02
1.944000e+01 6.393170e-02 1.360462e-02
1.948000e+01 -1.773004e-01 -3.774149e-02
1.952000e+01 8.702861e-03 1.847001e-03
1.956000e+01 -2.138572e-02 -4.561971e-03
1.960000e+01 1.980496e-03 4.378603e-04
1.964000e+01 -1.666573e-01 -3.549194e-02
1.968000e+01 2.717633e-03 5.757070e-04
1.972000e+01 -1.757029e-01 -3.739682e-02
1.976000e+01 -6.642392e-02 -1.416641e-02
1.980000e+01 2.067272e-01 4.401452e-02
1.984000e+01 1.214633e-02 2.603141e-03
1.988000e+01 -1.035881e-01 -2.206509e-02
1.992000e+01 1.568679e-01 3.340072e-02
1.996000e+01 -2.034470e-01 -4.330628e-02
2.000000e+01 -2.203001e-02 -4.697957e-03
