1.529975e-03
1.542895e-03
1.573615e-03
1.549677e-03
1.395224e-03
1.160702e-03
1.043026e-03
1.227092e-03
1.674590e-03
2.077275e-03
2.066779e-03
1.528602e-03
7.347437e-04
1.390559e-04
-1.357345e-05
9.899937e-05
9.395876e-05
-9.995181e-05
9.030600e-05
1.583101e-03
4.747546e-03
8.550855e-03
1.058730e-02
8.340546e-03
1.086491e-03
-8.884475e-03
-1.690457e-02
-1.848992e-02
-1.244738e-02
-2.408200e-03
4.663080e-03
2.576069e-03
-9.689870e-03
-2.624677e-02
-3.683339e-02
-3.261626e-02
-1.195993e-02
1.749068e-02
4.207748e-02
4.918981e-02
3.415035e-02
2.946173e-03
-3.073111e-02
-5.232826e-02
-5.323294e-02
-3.398558e-02
-2.781341e-03
2.911074e-02
5.209087e-02
6.093591e-02
5.510704e-02
3.770872e-02
1.423992e-02
-8.604882e-03
-2.453104e-02
-2.977604e-02
-2.489531e-02
-1.473867e-02
-5.944675e-03
-3.127749e-03
-6.350653e-03
-1.199193e-02
-1.667768e-02
-2.125160e-02
-3.110456e-02
-5.157247e-02
-8.114385e-02
-1.078573e-01
-1.130688e-01
-8.194994e-02
-1.474913e-02
6.900926e-02
1.376945e-01
1.633286e-01
1.370891e-01
7.494173e-02
9.272564e-03
-2.911554e-02
-2.813203e-02
-3.575960e-04
2.589246e-02
2.517562e-02
-7.935761e-03
-5.366641e-02
-7.747413e-02
-5.069982e-02
3.021670e-02
1.374861e-01
2.235974e-01
2.458943e-01
1.912434e-01
8.649446e-02
-1.297659e-02
-5.243232e-02
-9.426220e-03
9.062678e-02
1.859812e-01
2.128417e-01
1.434924e-01
5.150187e-03
-1.334195e-01
-2.009748e-01
-1.651880e-01
-5.039521e-02
7.972252e-02
1.630984e-01
1.765662e-01
1.446903e-01
1.152487e-01
1.201311e-01
1.508147e-01
1.667174e-01
1.300117e-01
4.002641e-02
-6.019472e-02
-1.120633e-01
-8.445155e-02
1.039225e-03
8.324856e-02
1.053063e-01
5.745037e-02
-1.372470e-02
-3.814975e-02
2.563575e-02
1.574133e-01
2.863202e-01
3.386672e-01
2.876363e-01
1.682733e-01
4.719615e-02
-2.926742e-02
-6.833569e-02
-1.195593e-01
-2.278258e-01
-3.877155e-01
-5.364913e-01
-5.940480e-01
-5.217288e-01
-3.559123e-01
-1.895251e-01
-1.127990e-01
-1.551640e-01
-2.699677e-01
-3.725026e-01
-4.027333e-01
-3.662686e-01
-3.237856e-01
-3.377530e-01
-4.170959e-01
-5.019174e-01
-5.007790e-01
-3.545077e-01
-8.129704e-02
2.285438e-01
4.642312e-01
5.571347e-01
5.136745e-01
4.006332e-01
2.979293e-01
2.530311e-01
2.646939e-01
2.992751e-01
3.203455e-01
3.077982e-01
2.568646e-01
1.665845e-01
3.504792e-02
-1.305756e-01
-2.986189e-01
-4.111987e-01
-4.076122e-01
-2.638367e-01
-2.169477e-02
2.181705e-01
3.442777e-01
2.992467e-01
1.212299e-01
-6.942276e-02
-1.376779e-01
-1.916277e-02
2.294592e-01
4.520446e-01
4.817928e-01
2.489372e-01
-1.592793e-01
-5.308932e-01
-6.451023e-01
-4.086873e-01
7.099483e-02
5.301678e-01
6.952318e-01
4.499778e-01
-8.043266e-02
-5.898372e-01
-7.700421e-01
-5.039349e-01
4.961567e-02
5.409502e-01
6.410292e-01
2.505924e-01
-4.272187e-01
-9.931062e-01
-1.116032e+00
-7.328658e-01
-7.856767e-02
4.668387e-01
6.157110e-01
3.410788e-01
-1.285843e-01
-4.759096e-01
-5.053439e-01
-2.572878e-01
4.390498e-02
1.628174e-01
2.218302e-02
-2.476190e-01
-4.078071e-01
-2.851494e-01
1.016780e-01
5.487314e-01
7.986793e-01
7.063713e-01
3.279903e-01
-1.207736e-01
-4.037239e-01
-4.057656e-01
-1.873868e-01
7.525670e-02
2.167600e-01
1.890383e-01
8.135354e-02
4.732439e-02
1.917963e-01
4.921719e-01
8.030374e-01
9.394900e-01
7.875891e-01
3.764826e-01
-1.289542e-01
-5.103165e-01
-6.072578e-01
-3.986123e-01
-1.108309e-02
3.473502e-01
4.929706e-01
3.555262e-01
6.339586e-03
-3.858095e-01
-6.440308e-01
-6.690083e-01
-4.777431e-01
-1.805998e-01
8.419224e-02
2.196511e-01
2.077684e-01
1.030086e-01
-6.446105e-03
-4.475534e-02
1.998468e-02
1.676843e-01
3.390170e-01
4.610807e-01
4.776641e-01
3.753553e-01
1.949612e-01
1.898812e-02
-6.488084e-02
-9.226576e-03
1.645923e-01
3.756394e-01
5.288343e-01
5.690490e-01
5.066650e-01
3.952287e-01
2.774200e-01
1.425914e-01
-6.584135e-02
-3.924141e-01
-8.039270e-01
-1.173298e+00
-1.339040e+00
-1.208761e+00
-8.341351e-01
-3.959166e-01
-9.845645e-02
-4.154347e-02
-1.603914e-01
-2.800452e-01
-2.472898e-01
-4.300634e-02
2.107699e-01
3.562192e-01
3.361474e-01
2.508379e-01
2.820087e-01
5.349313e-01
9.217463e-01
1.188716e+00
1.085911e+00
5.645186e-01
-1.477584e-01
-6.655369e-01
-6.923027e-01
-2.281639e-01
4.116369e-01
7.912797e-01
6.363523e-01
1.294703e-02
-7.177642e-01
-1.136511e+00
-1.030898e+00
-5.106930e-01
9.419100e-02
4.679535e-01
5.051631e-01
3.385724e-01
1.977793e-01
2.188709e-01
3.499328e-01
4.140060e-01
2.683066e-01
-6.983058e-02
-4.260921e-01
-5.933511e-01
-4.777686e-01
-1.576882e-01
1.807463e-01
3.727460e-01
3.682924e-01
2.281571e-01
4.365390e-02
-1.412507e-01
-3.392072e-01
-5.613386e-01
-7.558492e-01
-8.119838e-01
-6.399730e-01
-2.662372e-01
1.405612e-01
3.503274e-01
2.146430e-01
-2.254686e-01
-7.457143e-01
-1.059165e+00
-9.734249e-01
-4.854595e-01
2.358015e-01
9.507763e-01
1.458376e+00
1.650672e+00
1.506330e+00
1.062711e+00
4.067375e-01
-3.152578e-01
-9.058301e-01
-1.175205e+00
-1.035829e+00
-5.701604e-01
-8.400940e-03
3.900964e-01
4.830998e-01
3.194582e-01
8.493349e-02
-4.354778e-02
-2.772113e-02
1.701669e-02
-6.630338e-02
-3.253685e-01
-6.325567e-01
-7.654232e-01
-5.800188e-01
-1.433248e-01
2.876075e-01
4.397296e-01
2.299582e-01
-1.541244e-01
-3.729853e-01
-1.816483e-01
3.693937e-01
9.312985e-01
1.070251e+00
5.612494e-01
-4.369069e-01
-1.449890e+00
-1.961670e+00
-1.719007e+00
-8.734649e-01
1.220780e-01
7.857391e-01
8.707972e-01
4.658822e-01
-1.064010e-01
-5.020724e-01
-5.364471e-01
-2.362080e-01
2.342502e-01
6.924994e-01
1.017911e+00
1.160157e+00
1.107378e+00
8.661580e-01
4.760345e-01
3.472632e-02
-3.094659e-01
-4.166356e-01
-2.364167e-01
1.467475e-01
5.455667e-01
7.683874e-01
7.248519e-01
4.711060e-01
1.659346e-01
-3.224104e-02
-6.041864e-02
2.040303e-02
7.578980e-02
-1.007864e-02
-2.606630e-01
-5.944463e-01
-8.754612e-01
-9.920917e-01
-9.172111e-01
-7.182140e-01
-5.155055e-01
-4.147188e-01
-4.491514e-01
-5.619665e-01
-6.374650e-01
-5.661845e-01
-3.101987e-01
6.780048e-02
4.312485e-01
6.413845e-01
6.347551e-01
4.599966e-01
2.490137e-01
1.380576e-01
1.878628e-01
3.546535e-01
5.306948e-01
6.250319e-01
6.259508e-01
5.990905e-01
6.222873e-01
7.068019e-01
7.680358e-01
6.748928e-01
3.484503e-01
-1.598271e-01
-6.711841e-01
-9.706355e-01
-9.308534e-01
-5.887329e-01
-1.247453e-01
2.404673e-01
3.647506e-01
2.454767e-01
-6.366678e-03
-2.493771e-01
-3.904444e-01
-4.116283e-01
-3.430589e-01
-2.186145e-01
-5.519123e-02
1.331666e-01
3.102116e-01
4.157434e-01
3.987116e-01
2.615059e-01
7.543060e-02
-5.417055e-02
-5.469308e-02
6.268007e-02
2.084646e-01
2.776224e-01
2.266271e-01
1.085155e-01
3.809023e-02
1.096580e-01
3.246851e-01
5.806870e-01
7.301310e-01
6.701950e-01
4.048496e-01
4.186449e-02
-2.684767e-01
-4.110595e-01
-3.544971e-01
-1.505042e-01
1.036830e-01
3.114092e-01
4.091094e-01
3.800280e-01
2.544999e-01
1.000165e-01
-2.030849e-03
6.402119e-03
1.219979e-01
2.673490e-01
3.241951e-01
2.053892e-01
-7.524222e-02
-3.873531e-01
-5.478730e-01
-4.356796e-01
-8.537919e-02
3.093140e-01
4.984165e-01
3.279566e-01
-1.557236e-01
-7.230075e-01
-1.095516e+00
-1.114730e+00
-8.353560e-01
-4.820666e-01
-2.989231e-01
-3.921956e-01
-6.697837e-01
-9.128094e-01
-9.249972e-01
-6.560659e-01
-2.194386e-01
1.977540e-01
4.602991e-01
5.557981e-01
5.678603e-01
5.835187e-01
6.128586e-01
5.836086e-01
4.114645e-01
8.707512e-02
-2.916695e-01
-5.703216e-01
-6.357258e-01
-4.894778e-01
-2.443586e-01
-4.879121e-02
4.010425e-03
-8.142111e-02
-2.314327e-01
-3.710281e-01
-4.729524e-01
-5.520733e-01
-6.187220e-01
-6.404862e-01
-5.541768e-01
-3.245550e-01
-1.361076e-03
2.802073e-01
3.699527e-01
2.011781e-01
-1.541886e-01
-5.198669e-01
-7.217745e-01
-6.954814e-01
-5.196301e-01
-3.520132e-01
-3.145183e-01
-4.091189e-01
-5.228876e-01
-5.141590e-01
-3.140370e-01
2.979592e-02
3.930561e-01
6.612872e-01
7.945561e-01
8.260103e-01
8.066855e-01
7.515665e-01
6.359202e-01
4.425935e-01
2.121293e-01
4.111616e-02
1.798365e-02
1.441195e-01
3.108809e-01
3.657454e-01
2.287429e-01
-2.909685e-02
-2.157760e-01
-1.490012e-01
2.021436e-01
6.736890e-01
1.005756e+00
1.022177e+00
7.610537e-01
4.531761e-01
3.535774e-01
5.441998e-01
8.566207e-01
9.833882e-01
7.083049e-01
9.067621e-02
-5.394748e-01
-7.883608e-01
-4.731706e-01
2.274886e-01
8.615216e-01
9.813903e-01
4.310127e-01
-5.488149e-01
-1.464880e+00
-1.867119e+00
-1.600690e+00
-8.593353e-01
-2.626939e-02
5.710405e-01
8.238354e-01
8.319957e-01
7.619370e-01
7.000373e-01
6.120564e-01
4.212310e-01
1.210646e-01
-1.819234e-01
-3.342888e-01
-2.547884e-01
-5.475653e-03
2.468403e-01
3.502326e-01
2.734376e-01
1.142571e-01
6.728478e-03
5.961992e-03
4.754647e-02
1.617661e-02
-1.343879e-01
-3.149529e-01
-3.538677e-01
-1.380786e-01
2.672961e-01
6.249662e-01
6.708479e-01
3.036937e-01
-3.196353e-01
-8.625992e-01
-1.018148e+00
-7.090258e-01
-1.406111e-01
3.322883e-01
4.350454e-01
1.443749e-01
-3.108381e-01
-6.122791e-01
-5.623713e-01
-2.006757e-01
2.428018e-01
5.133022e-01
4.971160e-01
2.797003e-01
6.958865e-02
5.124992e-02
2.677568e-01
6.021445e-01
8.559083e-01
8.657061e-01
5.883386e-01
1.156752e-01
-3.746870e-01
-6.997029e-01
-7.461653e-01
-5.163644e-01
-1.309140e-01
2.156060e-01
3.373674e-01
1.491556e-01
-2.785171e-01
-7.410423e-01
-1.001330e+00
-9.233480e-01
-5.586575e-01
-1.251250e-01
1.192702e-01
3.422221e-02
-3.140607e-01
-6.937010e-01
-8.544658e-01
-6.867123e-01
-2.883797e-01
1.020084e-01
2.588728e-01
1.068749e-01
-2.447196e-01
-5.839575e-01
-7.308472e-01
-6.339186e-01
-3.746010e-01
-9.378719e-02
9.667114e-02
1.581502e-01
1.105957e-01
-9.263659e-03
-1.734997e-01
-3.558763e-01
-5.124506e-01
-5.828699e-01
-5.231089e-01
-3.449526e-01
-1.229841e-01
4.768293e-02
1.172325e-01
1.191240e-01
1.449781e-01
2.698572e-01
4.843602e-01
6.902441e-01
7.697684e-01
6.799183e-01
4.981795e-01
3.787977e-01
4.454406e-01
6.969874e-01
9.972941e-01
1.159554e+00
1.066108e+00
7.385398e-01
3.109461e-01
-6.780157e-02
-3.255223e-01
-4.843957e-01
-5.998463e-01
-6.806769e-01
-6.653098e-01
-4.806994e-01
-1.371717e-01
2.259042e-01
3.978578e-01
2.321697e-01
-2.340976e-01
-7.712610e-01
-1.080007e+00
-9.726149e-01
-4.913400e-01
1.185200e-01
5.639780e-01
6.820773e-01
5.198264e-01
2.677536e-01
1.035819e-01
6.455232e-02
4.117998e-02
-1.082484e-01
-4.146121e-01
-7.403226e-01
-8.573958e-01
-6.095437e-01
-4.154215e-02
6.011969e-01
1.009669e+00
9.959321e-01
6.031549e-01
7.060019e-02
-3.184225e-01
-4.020777e-01
-2.136473e-01
7.323448e-02
2.767667e-01
3.206689e-01
2.580621e-01
2.044952e-01
2.412467e-01
3.613282e-01
4.889943e-01
5.454834e-01
5.039212e-01
3.937698e-01
2.611102e-01
1.262993e-01
-2.229261e-02
-1.955774e-01
-3.660548e-01
-4.652436e-01
-4.261980e-01
-2.398166e-01
2.333570e-02
2.503242e-01
3.595682e-01
3.552202e-01
3.164904e-01
3.250685e-01
3.850961e-01
4.024625e-01
2.497439e-01
-1.231648e-01
-6.150625e-01
-1.001437e+00
-1.060563e+00
-7.199895e-01
-1.220593e-01
4.448576e-01
7.129725e-01
5.937268e-01
2.240714e-01
-1.302589e-01
-2.490260e-01
-9.241573e-02
1.909506e-01
3.813179e-01
3.431653e-01
1.095404e-01
-1.580191e-01
-2.951946e-01
-2.542320e-01
-1.227741e-01
-4.056013e-02
-8.454554e-02
-2.125492e-01
-3.062382e-01
-2.747389e-01
-1.328651e-01
1.066192e-02
4.659848e-02
-3.552941e-02
-1.260138e-01
-7.609320e-02
1.755938e-01
5.295225e-01
7.693516e-01
7.022171e-01
2.991510e-01
-2.670185e-01
-7.197672e-01
-8.503721e-01
-6.468591e-01
-2.930669e-01
-4.080394e-02
-4.518158e-02
-2.752056e-01
-5.546477e-01
-6.952900e-01
-6.233527e-01
-4.123915e-01
-2.092090e-01
-1.170044e-01
-1.254368e-01
-1.351704e-01
-5.007196e-02
1.391699e-01
3.450709e-01
4.520333e-01
4.076756e-01
2.652333e-01
1.452665e-01
1.475520e-01
2.809387e-01
4.629488e-01
5.861281e-01
5.976445e-01
5.307490e-01
4.660946e-01
4.561646e-01
4.746146e-01
4.328996e-01
2.544582e-01
-4.856509e-02
-3.558915e-01
-4.977102e-01
-3.573492e-01
4.769280e-02
5.595540e-01
9.547904e-01
1.056713e+00
8.212156e-01
3.507062e-01
-1.660178e-01
-5.500876e-01
-7.123289e-01
-6.785914e-01
-5.550843e-01
-4.589142e-01
-4.534191e-01
-5.213212e-01
-5.865036e-01
-5.688157e-01
-4.385513e-01
-2.374479e-01
-5.241585e-02
4.258317e-02
3.891715e-02
2.678587e-03
2.979803e-02
1.728663e-01
3.894222e-01
5.526130e-01
5.255327e-01
2.549796e-01
-1.787127e-01
-5.948603e-01
-8.133420e-01
-7.600480e-01
-5.072204e-01
-2.212468e-01
-5.345533e-02
-4.872159e-02
-1.332622e-01
-1.856283e-01
-1.350225e-01
-1.277693e-02
8.003747e-02
6.103686e-02
-6.029523e-02
-1.843312e-01
-1.989173e-01
-7.279091e-02
1.109499e-01
2.131561e-01
1.488067e-01
-3.553514e-02
-1.826596e-01
-1.379188e-01
1.240487e-01
4.557726e-01
6.193059e-01
4.471715e-01
-2.707812e-02
-5.643382e-01
-8.547581e-01
-7.095040e-01
-1.848982e-01
4.439295e-01
8.446973e-01
8.218678e-01
4.210077e-01
-1.166811e-01
-5.117187e-01
-6.092510e-01
-4.461965e-01
-1.919307e-01
-1.660558e-02
1.734031e-02
-2.883039e-02
-4.524698e-02
2.525578e-02
1.375094e-01
1.811114e-01
7.390473e-02
-1.594766e-01
-3.842572e-01
-4.341284e-01
-2.208267e-01
1.986944e-01
6.436113e-01
9.076008e-01
8.734704e-01
5.741002e-01
1.651841e-01
-1.690656e-01
-3.164043e-01
-2.830200e-01
-1.641117e-01
-6.614365e-02
-3.641719e-02
-4.532052e-02
-2.691181e-02
5.747816e-02
1.821173e-01
2.740943e-01
2.713735e-01
1.768693e-01
6.537706e-02
3.427055e-02
1.312550e-01
3.120970e-01
4.624638e-01
4.726637e-01
3.142801e-01
6.319287e-02
-1.503550e-01
-2.315483e-01
-1.866754e-01
-1.154306e-01
-1.325475e-01
-2.742841e-01
-4.598381e-01
-5.410746e-01
-4.101471e-01
-8.919566e-02
2.661986e-01
4.601322e-01
3.872437e-01
1.115199e-01
-1.654911e-01
-2.315812e-01
-4.168173e-03
4.097530e-01
7.759186e-01
8.783376e-01
6.538750e-01
2.294752e-01
-1.596853e-01
-3.156035e-01
-1.926209e-01
8.733344e-02
3.217692e-01
3.552378e-01
1.662002e-01
-1.347070e-01
-3.831240e-01
-4.592867e-01
-3.458230e-01
-1.188893e-01
1.090491e-01
2.517312e-01
2.807164e-01
2.175236e-01
1.037102e-01
-2.577924e-02
-1.513880e-01
-2.623355e-01
-3.469886e-01
-3.904091e-01
-3.802299e-01
-3.149050e-01
-2.078904e-01
-8.551811e-02
1.974951e-02
7.814783e-02
7.187971e-02
2.994649e-03
-1.036977e-01
-2.067835e-01
-2.639958e-01
-2.513145e-01
-1.743912e-01
-6.380432e-02
4.440033e-02
1.306121e-01
2.007501e-01
2.757435e-01
3.690842e-01
4.697144e-01
5.441427e-01
5.571806e-01
4.959955e-01
3.790539e-01
2.429744e-01
1.176586e-01
9.453388e-03
-9.443181e-02
-2.046912e-01
-3.109116e-01
-3.829661e-01
-3.944007e-01
-3.498663e-01
-2.923342e-01
-2.792894e-01
-3.412720e-01
-4.525765e-01
-5.387983e-01
-5.211980e-01
-3.706787e-01
-1.346331e-01
8.397618e-02
1.845258e-01
1.277553e-01
-4.133562e-02
-2.206909e-01
-3.105939e-01
-2.681580e-01
-1.251374e-01
3.799536e-02
1.420039e-01
1.513497e-01
8.624696e-02
2.336545e-03
-4.530296e-02
-3.133478e-02
3.188516e-02
1.076565e-01
1.583793e-01
1.649510e-01
1.327470e-01
8.311454e-02
3.673079e-02
-1.100876e-03
-4.428222e-02
-1.157169e-01
-2.282432e-01
-3.685795e-01
-4.964512e-01
-5.629258e-01
-5.390464e-01
-4.365431e-01
-3.046215e-01
-2.013729e-01
-1.565710e-01
-1.512719e-01
-1.305959e-01
-4.361325e-02
1.163661e-01
3.007323e-01
4.344514e-01
4.668645e-01
4.086225e-01
3.264353e-01
2.964261e-01
3.474805e-01
4.354257e-01
4.689642e-01
3.721200e-01
1.411889e-01
-1.435463e-01
-3.607458e-01
-4.178724e-01
-3.025266e-01
-8.355558e-02
1.350958e-01
2.742911e-01
3.144407e-01
2.877004e-01
2.412382e-01
2.026160e-01
1.711152e-01
1.350887e-01
9.491615e-02
6.939757e-02
8.001876e-02
1.276261e-01
1.830075e-01
2.015707e-01
1.525997e-01
4.162987e-02
-9.043138e-02
-1.903880e-01
-2.213879e-01
-1.784276e-01
-8.380473e-02
2.952502e-02
1.326930e-01
2.059189e-01
2.369379e-01
2.211650e-01
1.668602e-01
9.917871e-02
5.368215e-02
5.758688e-02
1.098518e-01
1.770032e-01
2.127637e-01
1.909903e-01
1.279048e-01
7.397161e-02
7.737610e-02
1.443890e-01
2.279127e-01
2.570418e-01
1.895127e-01
4.880609e-02
-8.461518e-02
-1.263055e-01
-4.967352e-02
8.842387e-02
1.799961e-01
1.369021e-01
-4.762222e-02
-2.901549e-01
-4.682309e-01
-4.969934e-01
-3.794911e-01
-1.979501e-01
-5.492579e-02
-7.127656e-03
-3.713624e-02
-7.885737e-02
-7.387313e-02
-1.592915e-02
4.733329e-02
5.329678e-02
-2.710522e-02
-1.667362e-01
-2.997178e-01
-3.637866e-01
-3.364999e-01
-2.419632e-01
-1.278893e-01
-3.302157e-02
3.177808e-02
7.905916e-02
1.253132e-01
1.737140e-01
2.110872e-01
2.183794e-01
1.845017e-01
1.135730e-01
2.279070e-02
-6.502303e-02
-1.289109e-01
-1.552880e-01
-1.421730e-01
-1.017834e-01
-5.826492e-02
-3.758885e-02
-5.223324e-02
-9.019920e-02
-1.188818e-01
-1.056363e-01
-4.338244e-02
3.784158e-02
8.565621e-02
6.020422e-02
-3.423565e-02
-1.455757e-01
-2.048831e-01
-1.729831e-01
-6.965863e-02
3.767757e-02
8.041089e-02
3.805611e-02
-4.597782e-02
-9.559062e-02
-5.904112e-02
4.966408e-02
1.566908e-01
1.792845e-01
8.589178e-02
-7.817471e-02
-2.190347e-01
-2.571173e-01
-1.801494e-01
-4.900753e-02
4.671080e-02
5.073321e-02
-2.428490e-02
-1.110417e-01
-1.386405e-01
-8.202705e-02
2.475836e-02
1.176258e-01
1.491393e-01
1.179110e-01
6.186236e-02
2.499888e-02
2.576197e-02
5.032877e-02
7.210591e-02
7.783947e-02
7.757366e-02
9.133416e-02
1.259025e-01
1.632427e-01
1.717467e-01
1.317011e-01
5.392144e-02
-2.438401e-02
-6.413934e-02
-5.055740e-02
-1.037320e-03
5.029539e-02
7.807562e-02
8.079074e-02
7.471330e-02
7.392274e-02
7.496597e-02
6.004477e-02
1.611686e-02
-4.706919e-02
-9.701917e-02
-9.903312e-02
-4.232649e-02
4.888195e-02
1.289965e-01
1.600334e-01
1.346942e-01
7.697169e-02
2.128251e-02
-1.262065e-02
-2.960636e-02
-4.797450e-02
-7.861698e-02
-1.132779e-01
-1.319029e-01
-1.219442e-01
-9.165334e-02
-6.428451e-02
-5.691172e-02
-6.209959e-02
-5.011091e-02
6.912589e-03
1.065857e-01
2.076300e-01
2.515537e-01
2.018731e-01
7.272895e-02
-7.570401e-02
-1.741485e-01
-1.884332e-01
-1.395271e-01
-8.486450e-02
-7.452947e-02
-1.143019e-01
-1.624740e-01
-1.624274e-01
-8.671340e-02
3.979688e-02
1.544670e-01
1.983684e-01
1.548507e-01
5.845091e-02
-3.054109e-02
-6.627539e-02
-4.383140e-02
4.555054e-03
3.745641e-02
3.411556e-02
5.208812e-03
-2.030135e-02
-1.927669e-02
9.611137e-03
4.841329e-02
7.605461e-02
8.365993e-02
7.744298e-02
6.908416e-02
6.366250e-02
5.595429e-02
3.756683e-02
7.614365e-03
-2.326421e-02
-3.971883e-02
-3.398640e-02
-1.341313e-02
3.389118e-03
-7.104764e-04
-2.915060e-02
-6.886620e-02
-9.843069e-02
-1.007575e-01
-7.153717e-02
-1.896214e-02
4.275551e-02
9.987132e-02
1.414527e-01
1.585875e-01
1.446225e-01
9.886877e-02
3.141761e-02
-3.632409e-02
-7.870553e-02
-7.790209e-02
-3.353962e-02
3.688737e-02
1.074084e-01
1.564753e-01
1.749377e-01
1.650364e-01
1.335530e-01
8.627947e-02
2.852948e-02
-3.018945e-02
-7.401211e-02
-8.613467e-02
-5.988331e-02
-7.029888e-03
4.492890e-02
6.725338e-02
4.746030e-02
-2.544119e-03
-5.427346e-02
-8.155103e-02
-7.718966e-02
-5.551368e-02
-3.925221e-02
-4.110087e-02
-5.421767e-02
-5.889224e-02
-3.995530e-02
-1.014074e-03
3.603010e-02
4.628749e-02
2.049180e-02
-2.734621e-02
-6.923978e-02
-8.262504e-02
-6.550047e-02
-3.646341e-02
-2.037733e-02
-3.094387e-02
-6.295012e-02
-9.871637e-02
-1.221942e-01
-1.290571e-01
-1.256202e-01
-1.192901e-01
-1.100996e-01
-9.117612e-02
-5.750109e-02
-1.453013e-02
2.205001e-02
3.654812e-02
2.554437e-02
1.645916e-03
-1.541558e-02
-1.400172e-02
6.216289e-05
8.082704e-03
-5.898858e-03
-4.072305e-02
-7.685898e-02
-9.008157e-02
-6.980458e-02
-2.753614e-02
1.171821e-02
2.881039e-02
2.536382e-02
2.207885e-02
4.121201e-02
8.679742e-02
1.385194e-01
1.648282e-01
1.457859e-01
8.815621e-02
2.095158e-02
-2.521710e-02
-3.892668e-02
-3.271550e-02
-2.853726e-02
-3.628845e-02
-4.371871e-02
-2.704123e-02
2.556979e-02
9.704365e-02
1.468190e-01
1.374365e-01
6.374690e-02
-3.788056e-02
-1.095852e-01
-1.090690e-01
-3.799873e-02
5.882948e-02
1.236340e-01
1.240833e-01
7.294888e-02
1.549706e-02
-5.516600e-03
1.857578e-02
5.700524e-02
6.370233e-02
1.268727e-02
-8.123944e-02
-1.711585e-01
-2.091819e-01
-1.774769e-01
-9.772107e-02
-1.397486e-02
3.706482e-02
4.681898e-02
3.342579e-02
2.222043e-02
2.479914e-02
3.252797e-02
2.774988e-02
2.009281e-03
-3.398708e-02
-5.642845e-02
-4.525114e-02
1.507804e-03
6.643557e-02
1.245296e-01
1.583218e-01
1.652425e-01
1.534296e-01
1.316281e-01
1.026564e-01
6.547582e-02
2.251310e-02
-1.602359e-02
-3.634258e-02
-3.130701e-02
-8.020683e-03
1.479614e-02
1.924084e-02
1.656871e-03
-2.357850e-02
-3.382237e-02
-1.507405e-02
2.631093e-02
6.612887e-02
7.782796e-02
5.023258e-02
-4.920255e-03
-6.062445e-02
-9.159498e-02
-8.860237e-02
-6.093555e-02
-2.694331e-02
-9.564634e-04
1.369764e-02
2.184838e-02
2.817592e-02
3.155381e-02
2.689566e-02
1.226865e-02
-5.798367e-03
-1.446248e-02
-3.420601e-03
2.627609e-02
6.076601e-02
8.117480e-02
7.543380e-02
4.571298e-02
6.327478e-03
-2.593837e-02
-4.179183e-02
-4.279124e-02
-3.678064e-02
-3.017643e-02
-2.370906e-02
-1.460301e-02
-2.373414e-03
7.669029e-03
6.980685e-03
-9.276024e-03
-3.675804e-02
-6.305148e-02
-7.535814e-02
-6.932728e-02
-5.230342e-02
-3.824987e-02
-3.784169e-02
-5.087852e-02
-6.645022e-02
-7.057631e-02
-5.572094e-02
-2.558136e-02
7.664725e-03
3.103104e-02
3.772599e-02
2.927574e-02
1.265903e-02
-4.316574e-03
-1.600272e-02
-1.937180e-02
-1.356186e-02
-3.011348e-04
1.501945e-02
2.378820e-02
1.782573e-02
-4.938743e-03
-3.677567e-02
-6.231286e-02
-6.667328e-02
-4.493799e-02
-6.335840e-03
3.048522e-02
4.862278e-02
4.319262e-02
2.363785e-02
6.466318e-03
3.584706e-03
1.446893e-02
2.747284e-02
2.885513e-02
1.265453e-02
-1.562844e-02
-4.358003e-02
-6.053113e-02
-6.361502e-02
-5.722769e-02
-4.741605e-02
-3.649966e-02
-2.237479e-02
-2.486327e-03
2.166836e-02
4.392670e-02
5.749983e-02
6.010508e-02
5.550769e-02
4.991720e-02
4.637414e-02
4.232020e-02
3.292528e-02
1.747724e-02
2.800197e-03
-4.775605e-04
1.303392e-02
3.631650e-02
5.167314e-02
4.205772e-02
4.719203e-03
-4.333668e-02
-7.374365e-02
-6.475657e-02
-1.676032e-02
4.612578e-02
9.051946e-02
9.499526e-02
6.346511e-02
2.130425e-02
-3.043655e-03
2.119933e-03
2.457575e-02
3.848732e-02
2.433725e-02
-1.616613e-02
-6.092916e-02
-8.311012e-02
-6.990878e-02
-3.094143e-02
9.367370e-03
2.921736e-02
2.379446e-02
6.623711e-03
-2.033382e-03
9.619364e-03
3.728591e-02
6.519796e-02
7.826372e-02
7.199380e-02
5.322712e-02
3.250903e-02
1.538900e-02
-3.690760e-05
-1.793492e-02
-3.724704e-02
-4.924709e-02
-4.313459e-02
-1.563731e-02
2.330063e-02
5.416081e-02
5.920094e-02
3.382124e-02
-1.009902e-02
-5.127997e-02
-7.156951e-02
-6.542614e-02
-4.059045e-02
-1.079625e-02
1.327573e-02
2.835989e-02
3.639295e-02
3.920326e-02
3.548354e-02
2.267380e-02
1.612923e-03
-2.083282e-02
-3.430870e-02
-3.135888e-02
-1.286561e-02
1.181882e-02
3.039553e-02
3.483290e-02
2.516497e-02
7.634645e-03
-1.061733e-02
-2.574124e-02
-3.719561e-02
-4.452519e-02
-4.479032e-02
-3.389294e-02
-1.129739e-02
1.599688e-02
3.463881e-02
3.198661e-02
4.859783e-03
-3.638039e-02
-7.220135e-02
-8.476275e-02
-6.854991e-02
-3.382072e-02
-5.037680e-04
1.358524e-02
2.794419e-03
-2.402294e-02
-4.967534e-02
-5.888249e-02
-4.628351e-02
-1.808044e-02
1.253031e-02
3.264825e-02
3.557630e-02
2.296832e-02
3.165209e-03
-1.288782e-02
-1.642923e-02
-4.799755e-03
1.698440e-02
3.812751e-02
4.731245e-02
3.918907e-02
1.840012e-02
-2.016213e-03
-7.932769e-03
6.763592e-03
3.521454e-02
6.076908e-02
6.709077e-02
4.893796e-02
1.625197e-02
-1.171433e-02
-1.871412e-02
-2.049210e-03
2.594807e-02
4.659456e-02
4.765211e-02
3.125146e-02
1.144169e-02
3.326110e-03
1.177791e-02
2.793212e-02
3.589864e-02
2.468155e-02
-3.412249e-03
-3.390151e-02
-4.983800e-02
-4.304653e-02
-1.904188e-02
7.395702e-03
2.228826e-02
2.083280e-02
8.604839e-03
-4.270184e-03
-1.087850e-02
-1.138684e-02
-1.084775e-02
-1.363865e-02
-1.948222e-02
-2.412687e-02
-2.360983e-02
-1.809353e-02
-1.186119e-02
-9.502605e-03
-1.164156e-02
-1.398580e-02
-1.070240e-02
5.326609e-04
1.596497e-02
2.793079e-02
3.025068e-02
2.272180e-02
1.122800e-02
3.373827e-03
2.994634e-03
7.702518e-03
1.121342e-02
8.510604e-03
-1.813454e-04
-9.564546e-03
-1.325811e-02
-8.433427e-03
2.359000e-03
1.326763e-02
1.922038e-02
1.882392e-02
1.418351e-02
8.357758e-03
2.900696e-03
-2.519282e-03
-8.517104e-03
-1.430154e-02
-1.775618e-02
-1.736407e-02
-1.415472e-02
-1.159151e-02
-1.302076e-02
-1.856146e-02
-2.414313e-02
-2.393279e-02
-1.468023e-02
1.261619e-03
1.677082e-02
2.437512e-02
2.121215e-02
1.093006e-02
1.101044e-03
-1.984178e-03
2.635229e-03
1.053945e-02
1.567247e-02
1.488041e-02
9.816035e-03
4.981679e-03
3.725929e-03
5.504860e-03
6.554084e-03
3.300243e-03
-4.347970e-03
-1.252702e-02
-1.614109e-02
-1.258879e-02
-3.552792e-03
6.460150e-03
1.350389e-02
1.669469e-02
1.788557e-02
1.902914e-02
1.973574e-02
1.736667e-02
9.774755e-03
-1.648361e-03
-1.153426e-02
-1.369400e-02
-5.848324e-03
7.744248e-03
1.825099e-02
1.797940e-02
5.988398e-03
-1.057554e-02
-2.077196e-02
-1.712663e-02
-9.066551e-04
1.834539e-02
2.885629e-02
2.420926e-02
7.369165e-03
-1.146820e-02
-2.156643e-02
-1.824924e-02
-5.096166e-03
9.323005e-03
1.745725e-02
1.719645e-02
1.191910e-02
6.755832e-03
4.311182e-03
3.140360e-03
-1.262704e-04
-7.032027e-03
-1.513862e-02
-1.934043e-02
-1.573631e-02
-5.084134e-03
6.916337e-03
1.294926e-02
8.785993e-03
-3.907915e-03
-1.860724e-02
-2.804828e-02
-2.857740e-02
-2.183923e-02
-1.290481e-02
-6.445560e-03
-3.780899e-03
-2.766389e-03
-2.839178e-04
4.787909e-03
1.045453e-02
1.313807e-02
1.060157e-02
3.964296e-03
-2.771743e-03
-5.366668e-03
-2.210461e-03
4.691362e-03
1.130765e-02
1.453181e-02
1.429069e-02
1.326477e-02
1.446465e-02
1.850685e-02
2.266273e-02
2.246349e-02
1.478882e-02
2.973931e-04
-1.647649e-02
-2.941466e-02
-3.396528e-02
-2.918388e-02
-1.762347e-02
-3.542617e-03
9.143517e-03
1.795796e-02
2.183503e-02
2.071885e-02
1.555710e-02
8.661324e-03
3.610822e-03
3.947654e-03
1.094757e-02
2.193114e-02
3.077398e-02
3.102624e-02
2.008433e-02
1.654185e-03
-1.556616e-02
-2.267956e-02
-1.604106e-02
2.346993e-04
1.660055e-02
2.393551e-02
1.915014e-02
6.806512e-03
-4.310956e-03
-7.266805e-03
-1.468213e-03
7.471071e-03
1.221592e-02
9.167270e-03
9.022610e-04
-6.087483e-03
-6.535946e-03
-4.893309e-04
6.744081e-03
8.711992e-03
2.855921e-03
-7.369881e-03
-1.492670e-02
-1.435996e-02
-5.838261e-03
4.945750e-03
1.090076e-02
8.567065e-03
3.052187e-04
-7.894901e-03
-1.118482e-02
-9.488652e-03
-7.220359e-03
-9.370861e-03
-1.706198e-02
-2.607971e-02
-2.961328e-02
-2.320144e-02
-8.189070e-03
8.893570e-03
2.056774e-02
2.313896e-02
1.853210e-02
1.209845e-02
8.289969e-03
7.574717e-03
6.831743e-03
2.668892e-03
-5.148249e-03
-1.296250e-02
-1.579469e-02
-1.119663e-02
-1.360773e-03
8.175055e-03
1.225866e-02
9.485249e-03
2.741850e-03
-3.298808e-03
-5.659784e-03
-4.827071e-03
-3.608437e-03
-4.251015e-03
-6.319861e-03
-7.115399e-03
-4.248340e-03
1.840851e-03
7.646926e-03
9.050215e-03
4.633139e-03
-2.785691e-03
-7.784209e-03
-6.105129e-03
2.176556e-03
1.247811e-02
1.874743e-02
1.756618e-02
1.037802e-02
2.280031e-03
-1.678671e-03
2.372679e-05
4.592364e-03
7.260016e-03
4.943083e-03
-1.466466e-03
-7.742055e-03
-9.302245e-03
-4.332334e-03
5.087507e-03
1.443505e-02
1.956526e-02
1.892404e-02
1.388168e-02
7.373621e-03
2.105082e-03
-4.569942e-04
6.731874e-06
3.244977e-03
8.698638e-03
1.523428e-02
2.085987e-02
2.309464e-02
2.009727e-02
1.187214e-02
6.008779e-04
-1.031005e-02
-1.791752e-02
-2.102899e-02
-2.024628e-02
-1.689393e-02
-1.182959e-02
-5.178692e-03
2.809512e-03
1.064363e-02
1.544382e-02
1.431310e-02
6.494829e-03
-5.279728e-03
-1.554115e-02
-1.884199e-02
-1.294551e-02
-3.605186e-04
1.291706e-02
2.079479e-02
2.051371e-02
1.396942e-02
6.154406e-03
1.829067e-03
2.631026e-03
