7.401483e-04
7.403337e-04
7.408262e-04
7.410794e-04
7.397880e-04
7.361514e-04
7.313381e-04
7.283654e-04
7.298677e-04
7.353968e-04
7.408210e-04
7.408635e-04
7.329673e-04
7.191142e-04
7.037349e-04
6.894813e-04
6.751773e-04
6.589342e-04
6.445936e-04
6.451810e-04
6.774129e-04
7.476778e-04
8.383072e-04
9.064691e-04
9.020904e-04
7.980020e-04
6.137127e-04
4.135699e-04
2.738525e-04
2.345269e-04
2.659141e-04
2.764311e-04
1.642888e-04
-1.134225e-04
-4.970000e-04
-8.384062e-04
-9.732491e-04
-8.135859e-04
-4.080547e-04
6.859982e-05
3.948598e-04
4.090779e-04
8.652319e-05
-4.520030e-04
-9.995760e-04
-1.354675e-03
-1.397732e-03
-1.121869e-03
-6.162035e-04
-2.208797e-05
5.137388e-04
8.755824e-04
1.002738e-03
9.014456e-04
6.408916e-04
3.278876e-04
6.369088e-05
-9.893943e-05
-1.736298e-04
-2.201509e-04
-2.989010e-04
-4.340639e-04
-6.160843e-04
-8.438439e-04
-1.170133e-03
-1.701101e-03
-2.527784e-03
-3.621600e-03
-4.767532e-03
-5.602275e-03
-5.765009e-03
-5.090161e-03
-3.728459e-03
-2.110417e-03
-7.547695e-04
-2.059580e-05
5.688623e-05
-2.495128e-04
-5.460767e-04
-5.648963e-04
-3.212153e-04
-8.470266e-05
-1.793039e-04
-7.312116e-04
-1.521197e-03
-2.043438e-03
-1.756515e-03
-3.968977e-04
1.823833e-03
4.267533e-03
6.164723e-03
7.014424e-03
6.869415e-03
6.329848e-03
6.220342e-03
7.111367e-03
8.955935e-03
1.106911e-02
1.248879e-02
1.252505e-02
1.117561e-02
9.150616e-03
7.483493e-03
6.964298e-03
7.746279e-03
9.362019e-03
1.111244e-02
1.254410e-02
1.368134e-02
1.486741e-02
1.636031e-02
1.801224e-02
1.929711e-02
1.968213e-02
1.906494e-02
1.792907e-02
1.706931e-02
1.706446e-02
1.788170e-02
1.891952e-02
1.947878e-02
1.932629e-02
1.892955e-02
1.917066e-02
2.072955e-02
2.357751e-02
2.694894e-02
2.981006e-02
3.147755e-02
3.193426e-02
3.162635e-02
3.092775e-02
2.971691e-02
2.742341e-02
2.353101e-02
1.815085e-02
1.219513e-02
6.962596e-03
3.388230e-03
1.477735e-03
3.345018e-04
-1.232382e-03
-3.947302e-03
-7.687571e-03
-1.173015e-02
-1.540808e-02
-1.866118e-02
-2.205395e-02
-2.624015e-02
-3.127457e-02
-3.629761e-02
-3.985793e-02
-4.068614e-02
-3.841595e-02
-3.378888e-02
-2.823277e-02
-2.311127e-02
-1.912018e-02
-1.615614e-02
-1.364107e-02
-1.100937e-02
-8.031866e-03
-4.843655e-03
-1.780916e-03
7.724864e-04
2.423087e-03
2.758323e-03
1.437323e-03
-1.564109e-03
-5.691339e-03
-9.782705e-03
-1.243632e-02
-1.266851e-02
-1.050205e-02
-7.074513e-03
-4.097290e-03
-2.900234e-03
-3.609706e-03
-5.001728e-03
-5.208599e-03
-2.929251e-03
1.575952e-03
6.378636e-03
8.852765e-03
7.244729e-03
1.920553e-03
-4.545714e-03
-8.647830e-03
-7.953125e-03
-2.666691e-03
4.270384e-03
8.754918e-03
7.935348e-03
2.021732e-03
-5.693932e-03
-1.074852e-02
-1.026761e-02
-4.873354e-03
1.521694e-03
4.012375e-03
-2.750558e-04
-1.022136e-02
-2.139693e-02
-2.874083e-02
-2.954175e-02
-2.488861e-02
-1.874674e-02
-1.535120e-02
-1.665228e-02
-2.142662e-02
-2.649531e-02
-2.908343e-02
-2.865962e-02
-2.704669e-02
-2.684010e-02
-2.933154e-02
-3.342485e-02
-3.629159e-02
-3.529005e-02
-2.981798e-02
-2.184643e-02
-1.479796e-02
-1.153331e-02
-1.275628e-02
-1.680877e-02
-2.088167e-02
-2.277078e-02
-2.203345e-02
-1.988110e-02
-1.800596e-02
-1.720767e-02
-1.674967e-02
-1.484695e-02
-9.940471e-03
-1.925341e-03
7.454315e-03
1.531496e-02
1.906454e-02
1.775976e-02
1.264135e-02
6.553529e-03
2.552163e-03
2.426088e-03
5.884346e-03
1.079881e-02
1.433883e-02
1.438698e-02
1.051364e-02
4.058089e-03
-2.647238e-03
-7.439913e-03
-9.261155e-03
-8.434476e-03
-6.253208e-03
-4.190768e-03
-3.175926e-03
-3.255630e-03
-3.718427e-03
-3.533824e-03
-1.872225e-03
1.502702e-03
6.098266e-03
1.085966e-02
1.459797e-02
1.653234e-02
1.670698e-02
1.604293e-02
1.593542e-02
1.756610e-02
2.130725e-02
2.658035e-02
3.225559e-02
3.730700e-02
4.124404e-02
4.400300e-02
4.541367e-02
4.474001e-02
4.080063e-02
3.274612e-02
2.099789e-02
7.592252e-03
-4.510600e-03
-1.286719e-02
-1.684160e-02
-1.784141e-02
-1.827209e-02
-1.989125e-02
-2.270694e-02
-2.519509e-02
-2.564039e-02
-2.354794e-02
-2.000099e-02
-1.665476e-02
-1.416162e-02
-1.135678e-02
-6.022710e-03
3.179510e-03
1.505143e-02
2.589529e-02
3.152523e-02
3.003241e-02
2.336179e-02
1.642352e-02
1.412664e-02
1.822777e-02
2.612532e-02
3.247360e-02
3.258783e-02
2.539494e-02
1.401459e-02
3.690359e-03
-1.431815e-03
-5.051482e-04
4.159143e-03
9.195530e-03
1.256601e-02
1.452856e-02
1.670203e-02
2.018611e-02
2.431093e-02
2.697875e-02
2.626520e-02
2.198903e-02
1.604028e-02
1.124735e-02
9.655223e-03
1.144744e-02
1.515966e-02
1.882734e-02
2.109367e-02
2.151496e-02
2.008721e-02
1.667990e-02
1.105127e-02
3.477531e-03
-4.657551e-03
-1.107252e-02
-1.375014e-02
-1.235977e-02
-8.871740e-03
-6.740554e-03
-9.010484e-03
-1.648287e-02
-2.708977e-02
-3.683926e-02
-4.170910e-02
-3.936632e-02
-2.987381e-02
-1.530529e-02
1.186184e-03
1.623424e-02
2.684611e-02
3.089824e-02
2.773042e-02
1.865688e-02
6.889581e-03
-3.483951e-03
-9.200799e-03
-9.300052e-03
-5.414332e-03
-5.985778e-04
2.580760e-03
3.414852e-03
2.964130e-03
2.671675e-03
2.826599e-03
2.148321e-03
-1.120607e-03
-7.461418e-03
-1.513089e-02
-2.094633e-02
-2.239482e-02
-1.953399e-02
-1.515193e-02
-1.286759e-02
-1.442408e-02
-1.816918e-02
-2.000090e-02
-1.632221e-02
-7.024470e-03
3.662798e-03
9.260048e-03
4.875735e-03
-9.638412e-03
-2.927036e-02
-4.647567e-02
-5.522556e-02
-5.402003e-02
-4.617788e-02
-3.748515e-02
-3.284157e-02
-3.392083e-02
-3.895679e-02
-4.433651e-02
-4.671383e-02
-4.438657e-02
-3.747682e-02
-2.731295e-02
-1.572663e-02
-4.668093e-03
3.978243e-03
8.723345e-03
9.055364e-03
5.945461e-03
1.763862e-03
-6.155489e-04
8.366828e-04
6.277106e-03
1.394574e-02
2.117901e-02
2.587483e-02
2.751893e-02
2.718128e-02
2.656185e-02
2.675063e-02
2.749329e-02
2.737726e-02
2.475538e-02
1.879568e-02
1.002582e-02
8.966201e-05
-9.097693e-03
-1.629508e-02
-2.146538e-02
-2.562781e-02
-3.013456e-02
-3.576947e-02
-4.215937e-02
-4.783646e-02
-5.095369e-02
-5.029092e-02
-4.599368e-02
-3.959508e-02
-3.326277e-02
-2.867805e-02
-2.620316e-02
-2.483783e-02
-2.297444e-02
-1.944315e-02
-1.415145e-02
-7.916369e-03
-1.672106e-03
4.303556e-03
1.051119e-02
1.756396e-02
2.522908e-02
3.196276e-02
3.543202e-02
3.381850e-02
2.709142e-02
1.736982e-02
8.046044e-03
2.143471e-03
8.807744e-04
3.270204e-03
6.902466e-03
9.341990e-03
9.263079e-03
6.754065e-03
2.834377e-03
-1.297149e-03
-4.742982e-03
-6.944371e-03
-7.511526e-03
-6.195104e-03
-3.108232e-03
1.033959e-03
5.005831e-03
7.605647e-03
8.344709e-03
7.787760e-03
7.225586e-03
7.837143e-03
9.906546e-03
1.266753e-02
1.491855e-02
1.598846e-02
1.635412e-02
1.743546e-02
2.066707e-02
2.645869e-02
3.374476e-02
4.043147e-02
4.446472e-02
4.486812e-02
4.216811e-02
3.804227e-02
3.448206e-02
3.296177e-02
3.398336e-02
3.708221e-02
4.115806e-02
4.494309e-02
4.747285e-02
4.845777e-02
4.842222e-02
4.847100e-02
4.967573e-02
5.233398e-02
5.556068e-02
5.759933e-02
5.683167e-02
5.294289e-02
4.744892e-02
4.307688e-02
4.220784e-02
4.528574e-02
5.025466e-02
5.351898e-02
5.194650e-02
4.470119e-02
3.373078e-02
2.256824e-02
1.419943e-02
9.363526e-03
6.359051e-03
2.421852e-03
-4.291229e-03
-1.343457e-02
-2.269978e-02
-2.927568e-02
-3.148531e-02
-2.952302e-02
-2.493527e-02
-1.939253e-02
-1.372917e-02
-7.909230e-03
-1.795888e-03
4.024955e-03
8.124356e-03
8.979864e-03
6.047925e-03
3.294659e-04
-6.043036e-03
-1.095306e-02
-1.341189e-02
-1.391504e-02
-1.389018e-02
-1.471964e-02
-1.704921e-02
-2.077473e-02
-2.551950e-02
-3.105548e-02
-3.725794e-02
-4.367805e-02
-4.923506e-02
-5.249585e-02
-5.252471e-02
-4.973788e-02
-4.605359e-02
-4.405706e-02
-4.561419e-02
-5.082810e-02
-5.806109e-02
-6.503114e-02
-7.024269e-02
-7.377806e-02
-7.693849e-02
-8.104492e-02
-8.628904e-02
-9.144588e-02
-9.460149e-02
-9.431877e-02
-9.040346e-02
-8.380583e-02
-7.587551e-02
-6.763065e-02
-5.957904e-02
-5.207862e-02
-4.573466e-02
-4.132397e-02
-3.921792e-02
-3.882200e-02
-3.865741e-02
-3.723146e-02
-3.413789e-02
-3.049568e-02
-2.822350e-02
-2.852971e-02
-3.070271e-02
-3.220797e-02
-3.020178e-02
-2.348013e-02
-1.343782e-02
-3.231285e-03
4.364009e-03
8.880526e-03
1.240106e-02
1.782781e-02
2.637877e-02
3.619741e-02
4.326522e-02
4.415674e-02
3.874675e-02
3.084789e-02
2.610094e-02
2.836059e-02
3.696056e-02
4.675922e-02
5.105410e-02
4.555071e-02
3.088667e-02
1.220023e-02
-3.821914e-03
-1.243051e-02
-1.270845e-02
-7.013287e-03
1.209824e-03
9.514537e-03
1.711866e-02
2.410379e-02
3.020911e-02
3.440618e-02
3.560158e-02
3.376711e-02
3.040897e-02
2.784585e-02
2.777585e-02
3.022901e-02
3.371609e-02
3.643522e-02
3.756255e-02
3.761459e-02
3.765897e-02
3.811919e-02
3.826571e-02
3.690659e-02
3.374181e-02
3.018789e-02
2.879186e-02
3.144958e-02
3.768400e-02
4.437724e-02
4.739893e-02
4.418733e-02
3.554610e-02
2.534937e-02
1.824387e-02
1.682252e-02
2.013016e-02
2.446537e-02
2.589387e-02
2.277025e-02
1.663221e-02
1.099326e-02
8.971256e-03
1.138403e-02
1.650181e-02
2.145773e-02
2.423948e-02
2.492013e-02
2.541738e-02
2.807971e-02
3.408591e-02
4.262975e-02
5.127157e-02
5.713971e-02
5.828122e-02
5.451910e-02
4.750683e-02
4.002993e-02
3.485105e-02
3.352666e-02
3.566748e-02
3.902591e-02
4.050222e-02
3.770181e-02
3.027614e-02
2.024760e-02
1.099887e-02
5.397055e-03
4.130562e-03
5.308020e-03
5.634998e-03
2.479147e-03
-4.473106e-03
-1.303301e-02
-1.991538e-02
-2.281442e-02
-2.180958e-02
-1.923609e-02
-1.818259e-02
-2.064503e-02
-2.649984e-02
-3.382356e-02
-4.017799e-02
-4.393924e-02
-4.489236e-02
-4.394089e-02
-4.237463e-02
-4.128392e-02
-4.139180e-02
-4.314204e-02
-4.671605e-02
-5.185580e-02
-5.769974e-02
-6.294607e-02
-6.641084e-02
-6.765593e-02
-6.719434e-02
-6.603726e-02
-6.486126e-02
-6.342673e-02
-6.074340e-02
-5.591504e-02
-4.902784e-02
-4.134540e-02
-3.456146e-02
-2.959491e-02
-2.582218e-02
-2.138302e-02
-1.442839e-02
-4.470688e-03
7.109611e-03
1.775545e-02
2.512560e-02
2.821982e-02
2.752656e-02
2.425609e-02
1.939689e-02
1.338318e-02
6.561172e-03
-1.071705e-04
-4.929408e-03
-6.316368e-03
-4.072569e-03
-1.092353e-04
2.197218e-03
-1.590020e-04
-7.886855e-03
-1.870217e-02
-2.844356e-02
-3.337220e-02
-3.220225e-02
-2.657771e-02
-1.977218e-02
-1.458916e-02
-1.192687e-02
-1.090629e-02
-1.027601e-02
-9.879459e-03
-1.097719e-02
-1.513855e-02
-2.255702e-02
-3.114622e-02
-3.725690e-02
-3.768757e-02
-3.169084e-02
-2.160939e-02
-1.166532e-02
-5.649011e-03
-4.958253e-03
-8.157722e-03
-1.219374e-02
-1.434546e-02
-1.362836e-02
-1.087594e-02
-7.684490e-03
-5.119113e-03
-3.089404e-03
-6.921812e-04
2.905857e-03
7.780556e-03
1.322015e-02
1.824411e-02
2.216657e-02
2.476243e-02
2.601018e-02
2.577201e-02
2.380099e-02
2.012520e-02
1.545752e-02
1.118030e-02
8.766886e-03
8.985000e-03
1.147300e-02
1.505344e-02
1.859039e-02
2.174006e-02
2.497550e-02
2.881121e-02
3.282060e-02
3.530279e-02
3.405590e-02
2.789003e-02
1.786042e-02
7.239554e-03
2.441487e-05
-1.211421e-03
3.221911e-03
1.033639e-02
1.625842e-02
1.848389e-02
1.716605e-02
1.466055e-02
1.372115e-02
1.561541e-02
1.941335e-02
2.282976e-02
2.390992e-02
2.231448e-02
1.934729e-02
1.678973e-02
1.554675e-02
1.512590e-02
1.426520e-02
1.212447e-02
9.046840e-03
6.284208e-03
4.940313e-03
5.031689e-03
5.482430e-03
5.111893e-03
3.836511e-03
3.060336e-03
4.801030e-03
1.008101e-02
1.775928e-02
2.476621e-02
2.774248e-02
2.505705e-02
1.784413e-02
9.325169e-03
2.841334e-03
-1.045792e-04
-5.278621e-04
-9.949215e-04
-3.762221e-03
-9.323942e-03
-1.629209e-02
-2.254086e-02
-2.668002e-02
-2.878735e-02
-2.997264e-02
-3.124225e-02
-3.260920e-02
-3.312516e-02
-3.174870e-02
-2.831324e-02
-2.380815e-02
-1.974664e-02
-1.710955e-02
-1.567213e-02
-1.421185e-02
-1.141771e-02
-6.803461e-03
-9.574231e-04
5.003779e-03
1.029603e-02
1.494173e-02
1.948813e-02
2.421903e-02
2.853279e-02
3.106212e-02
3.056123e-02
2.698707e-02
2.199473e-02
1.840599e-02
1.886767e-02
2.444797e-02
3.398063e-02
4.453252e-02
5.272943e-02
5.622125e-02
5.454583e-02
4.902971e-02
4.189118e-02
3.509002e-02
2.952393e-02
2.491955e-02
2.037011e-02
1.514166e-02
9.261380e-03
3.557979e-03
-8.427780e-04
-3.232501e-03
-3.771903e-03
-3.361315e-03
-2.987387e-03
-2.975844e-03
-2.693108e-03
-9.796885e-04
2.899290e-03
8.410177e-03
1.365026e-02
1.618481e-02
1.438244e-02
8.418595e-03
2.699315e-04
-7.345792e-03
-1.243324e-02
-1.466095e-02
-1.521075e-02
-1.571321e-02
-1.706107e-02
-1.893260e-02
-2.029807e-02
-2.044108e-02
-1.965595e-02
-1.906082e-02
-1.967902e-02
-2.153758e-02
-2.354199e-02
-2.428515e-02
-2.319089e-02
-2.107457e-02
-1.960175e-02
-1.997234e-02
-2.181418e-02
-2.320861e-02
-2.198337e-02
-1.744089e-02
-1.126307e-02
-6.806602e-03
-7.092627e-03
-1.275125e-02
-2.131408e-02
-2.842436e-02
-3.028859e-02
-2.586453e-02
-1.743281e-02
-9.229371e-03
-5.034538e-03
-6.216593e-03
-1.134902e-02
-1.745678e-02
-2.193399e-02
-2.386854e-02
-2.404984e-02
-2.389168e-02
-2.419522e-02
-2.466294e-02
-2.442562e-02
-2.306577e-02
-2.126990e-02
-2.054610e-02
-2.215611e-02
-2.601392e-02
-3.037045e-02
-3.259396e-02
-3.062226e-02
-2.420139e-02
-1.514063e-02
-6.421168e-03
-6.954091e-04
9.411888e-04
-7.647112e-04
-3.943998e-03
-6.789441e-03
-8.445802e-03
-9.122482e-03
-9.501898e-03
-9.970347e-03
-1.025471e-02
-9.695170e-03
-7.889241e-03
-5.163541e-03
-2.465050e-03
-7.116005e-04
-7.307351e-05
2.543884e-04
1.551695e-03
4.657421e-03
9.266815e-03
1.397821e-02
1.710577e-02
1.772245e-02
1.620366e-02
1.387293e-02
1.199093e-02
1.082138e-02
9.480665e-03
6.722581e-03
2.108956e-03
-3.317034e-03
-7.433749e-03
-8.340949e-03
-5.694207e-03
-1.108129e-03
2.749064e-03
3.849020e-03
2.178865e-03
-1.521910e-04
-2.091163e-04
3.873170e-03
1.161711e-02
2.038524e-02
2.690875e-02
2.918826e-02
2.757616e-02
2.440488e-02
2.246343e-02
2.332152e-02
2.652397e-02
3.006110e-02
3.170786e-02
3.034555e-02
2.649906e-02
2.189095e-02
1.841748e-02
1.721334e-02
1.828859e-02
2.079066e-02
2.358258e-02
2.574257e-02
2.676443e-02
2.649140e-02
2.496227e-02
2.232367e-02
1.883854e-02
1.491921e-02
1.110167e-02
7.937372e-03
5.843224e-03
4.972799e-03
5.155051e-03
5.921286e-03
6.624839e-03
6.639542e-03
5.587322e-03
3.504243e-03
8.490422e-04
-1.679346e-03
-3.438502e-03
-4.091789e-03
-3.663029e-03
-2.372152e-03
-3.798945e-04
2.362297e-03
6.037896e-03
1.071980e-02
1.614598e-02
2.170254e-02
2.664725e-02
3.042255e-02
3.283705e-02
3.399839e-02
3.407768e-02
3.311812e-02
3.105597e-02
2.793161e-02
2.408670e-02
2.012745e-02
1.661354e-02
1.367496e-02
1.086682e-02
7.438857e-03
2.897849e-03
-2.505377e-03
-7.732601e-03
-1.145463e-02
-1.281621e-02
-1.199169e-02
-1.016167e-02
-8.899363e-03
-9.327963e-03
-1.155012e-02
-1.467130e-02
-1.736812e-02
-1.863474e-02
-1.827003e-02
-1.686523e-02
-1.536698e-02
-1.451975e-02
-1.451163e-02
-1.497991e-02
-1.530850e-02
-1.500489e-02
-1.394357e-02
-1.237502e-02
-1.074075e-02
-9.428524e-03
-8.612623e-03
-8.260558e-03
-8.286811e-03
-8.744876e-03
-9.917289e-03
-1.221496e-02
-1.591600e-02
-2.089576e-02
-2.654026e-02
-3.194597e-02
-3.632664e-02
-3.938810e-02
-4.141707e-02
-4.299803e-02
-4.452599e-02
-4.584719e-02
-4.629857e-02
-4.515015e-02
-4.215807e-02
-3.782880e-02
-3.317540e-02
-2.910442e-02
-2.585531e-02
-2.290629e-02
-1.944673e-02
-1.510772e-02
-1.043332e-02
-6.727362e-03
-5.330717e-03
-6.781424e-03
-1.040413e-02
-1.459809e-02
-1.763860e-02
-1.848940e-02
-1.715369e-02
-1.442602e-02
-1.129686e-02
-8.435096e-03
-6.037957e-03
-4.027041e-03
-2.331132e-03
-9.954883e-04
-6.157045e-05
6.171616e-04
1.402106e-03
2.663123e-03
4.477955e-03
6.478418e-03
7.989171e-03
8.390226e-03
7.470669e-03
5.551546e-03
3.322423e-03
1.522903e-03
6.696122e-04
9.496188e-04
2.261305e-03
4.305251e-03
6.659386e-03
8.855793e-03
1.050915e-02
1.148569e-02
1.200727e-02
1.256790e-02
1.365117e-02
1.540596e-02
1.751835e-02
1.941301e-02
2.067682e-02
2.140129e-02
2.215981e-02
2.358845e-02
2.585234e-02
2.840751e-02
3.028740e-02
3.076021e-02
2.989882e-02
2.862052e-02
2.810854e-02
2.897754e-02
3.076225e-02
3.211603e-02
3.162456e-02
2.870777e-02
2.401022e-02
1.902504e-02
1.521489e-02
1.322014e-02
1.265564e-02
1.256912e-02
1.218252e-02
1.137870e-02
1.062472e-02
1.045019e-02
1.090828e-02
1.142600e-02
1.113971e-02
9.457101e-03
6.444679e-03
2.791570e-03
-5.886729e-04
-3.023549e-03
-4.317686e-03
-4.663145e-03
-4.360608e-03
-3.585260e-03
-2.347372e-03
-6.254758e-04
1.470153e-03
3.638704e-03
5.468477e-03
6.588963e-03
6.801627e-03
6.136153e-03
4.831800e-03
3.263676e-03
1.826702e-03
7.936245e-04
1.957316e-04
-1.954004e-04
-7.329764e-04
-1.650212e-03
-2.854274e-03
-3.925880e-03
-4.374948e-03
-4.011776e-03
-3.170457e-03
-2.583659e-03
-2.941259e-03
-4.412259e-03
-6.476334e-03
-8.221409e-03
-8.933239e-03
-8.571707e-03
-7.782841e-03
-7.417524e-03
-7.892546e-03
-8.863695e-03
-9.469350e-03
-8.987953e-03
-7.436289e-03
-5.658687e-03
-4.815013e-03
-5.612004e-03
-7.817595e-03
-1.040401e-02
-1.222075e-02
-1.272607e-02
-1.227420e-02
-1.178211e-02
-1.204021e-02
-1.316587e-02
-1.456752e-02
-1.540303e-02
-1.517069e-02
-1.400968e-02
-1.253353e-02
-1.136966e-02
-1.076628e-02
-1.053153e-02
-1.028916e-02
-9.801115e-03
-9.095299e-03
-8.332148e-03
-7.571655e-03
-6.673557e-03
-5.429776e-03
-3.812592e-03
-2.110369e-03
-8.086017e-04
-2.846309e-04
-5.437145e-04
-1.200352e-03
-1.721169e-03
-1.746786e-03
-1.259076e-03
-4.935632e-04
2.991007e-04
1.030990e-03
1.754974e-03
2.489390e-03
3.074594e-03
3.220519e-03
2.734583e-03
1.749148e-03
7.435734e-04
3.050649e-04
7.786408e-04
2.053362e-03
3.638453e-03
4.970151e-03
5.724625e-03
5.922206e-03
5.780756e-03
5.469449e-03
4.974460e-03
4.173047e-03
3.025024e-03
1.690752e-03
4.560662e-04
-4.757107e-04
-1.133799e-03
-1.718160e-03
-2.354400e-03
-2.870753e-03
-2.816870e-03
-1.766257e-03
2.947995e-04
2.795093e-03
4.798580e-03
5.510626e-03
4.738342e-03
2.981614e-03
1.082038e-03
-3.284764e-04
-1.192365e-03
-1.952903e-03
-3.111165e-03
-4.751149e-03
-6.390668e-03
-7.273045e-03
-6.890320e-03
-5.360894e-03
-3.392453e-03
-1.859190e-03
-1.289924e-03
-1.610579e-03
-2.288576e-03
-2.742134e-03
-2.711827e-03
-2.352506e-03
-2.026594e-03
-1.989750e-03
-2.208007e-03
-2.416017e-03
-2.335150e-03
-1.866260e-03
-1.120958e-03
-2.996021e-04
4.595841e-04
1.135182e-03
1.756563e-03
2.300863e-03
2.661287e-03
2.722187e-03
2.474302e-03
2.061870e-03
1.706762e-03
1.557387e-03
1.576035e-03
1.553686e-03
1.246937e-03
5.430313e-04
-4.565192e-04
-1.479338e-03
-2.209953e-03
-2.414818e-03
-2.002506e-03
-1.019037e-03
3.802469e-04
1.950878e-03
3.381859e-03
4.355304e-03
4.654236e-03
4.275752e-03
3.473453e-03
2.679188e-03
2.328548e-03
2.682178e-03
3.741019e-03
5.290528e-03
7.024662e-03
8.659782e-03
9.980069e-03
1.082762e-02
1.109767e-02
1.078053e-02
1.002517e-02
9.148578e-03
8.534501e-03
8.448959e-03
8.883004e-03
9.540294e-03
9.999654e-03
9.958969e-03
9.400991e-03
8.570237e-03
7.783097e-03
7.212716e-03
6.804950e-03
6.378698e-03
5.821278e-03
5.217112e-03
4.802315e-03
4.776931e-03
5.121988e-03
5.569620e-03
5.759294e-03
5.470588e-03
4.762947e-03
3.921453e-03
3.251205e-03
2.871327e-03
2.652310e-03
2.327628e-03
1.682883e-03
6.804757e-04
-5.567100e-04
-1.862525e-03
-3.133971e-03
-4.342115e-03
-5.458355e-03
-6.385360e-03
-6.975614e-03
-7.136159e-03
-6.930903e-03
-6.580665e-03
-6.340465e-03
-6.339249e-03
-6.508649e-03
-6.663910e-03
-6.678532e-03
-6.612948e-03
-6.687180e-03
-7.109654e-03
-7.893488e-03
-8.809547e-03
-9.522837e-03
-9.813442e-03
-9.711503e-03
-9.438643e-03
-9.200248e-03
-8.994704e-03
-8.597827e-03
-7.745096e-03
-6.375146e-03
-4.742107e-03
-3.299493e-03
-2.433174e-03
-2.238902e-03
-2.506316e-03
-2.910827e-03
-3.253225e-03
-3.553842e-03
-3.931970e-03
-4.384400e-03
-4.670056e-03
-4.429602e-03
-3.474409e-03
-2.021463e-03
-6.623419e-04
-4.011654e-05
-4.341657e-04
-1.545262e-03
-2.651195e-03
-3.046426e-03
-2.473375e-03
-1.252279e-03
-2.668973e-05
6.875555e-04
8.272825e-04
7.568729e-04
9.273871e-04
1.482196e-03
2.103976e-03
2.215605e-03
1.387967e-03
-3.388616e-04
-2.445924e-03
-4.235936e-03
-5.228390e-03
-5.383383e-03
-5.027978e-03
-4.575032e-03
-4.256018e-03
-4.049057e-03
-3.816309e-03
-3.506273e-03
-3.244018e-03
-3.239169e-03
-3.594283e-03
-4.173811e-03
-4.641566e-03
-4.641732e-03
-3.992620e-03
-2.762567e-03
-1.194593e-03
4.425885e-04
1.961641e-03
3.262678e-03
4.273999e-03
4.913514e-03
5.123401e-03
4.947921e-03
4.569252e-03
4.240938e-03
4.145488e-03
4.278206e-03
4.455370e-03
4.456696e-03
4.205667e-03
3.852200e-03
3.686215e-03
3.934081e-03
4.580126e-03
5.343162e-03
5.830245e-03
5.765798e-03
5.144310e-03
4.213117e-03
3.311850e-03
2.687250e-03
2.402574e-03
2.377765e-03
2.499498e-03
2.702738e-03
2.969254e-03
3.269549e-03
3.523262e-03
3.630704e-03
3.557477e-03
3.397609e-03
3.348159e-03
3.595676e-03
4.188093e-03
4.984597e-03
5.723692e-03
6.165578e-03
6.213609e-03
5.938982e-03
5.505820e-03
5.062664e-03
4.679614e-03
4.362606e-03
4.110272e-03
3.948998e-03
3.910020e-03
3.971467e-03
4.026030e-03
3.918026e-03
3.535202e-03
2.889444e-03
2.120619e-03
1.412103e-03
8.738249e-04
4.760826e-04
8.242208e-05
-4.416068e-04
-1.121353e-03
-1.842359e-03
-2.414812e-03
-2.685870e-03
-2.624466e-03
-2.329399e-03
-1.967383e-03
-1.689869e-03
-1.578522e-03
-1.636932e-03
-1.812202e-03
-2.021164e-03
-2.172026e-03
-2.190281e-03
-2.055330e-03
-1.832692e-03
-1.669678e-03
-1.734309e-03
-2.117310e-03
-2.755682e-03
-3.437658e-03
-3.902282e-03
-3.980884e-03
-3.691275e-03
-3.220291e-03
-2.803608e-03
-2.582473e-03
-2.533054e-03
-2.512450e-03
-2.383005e-03
-2.123520e-03
-1.850212e-03
-1.738910e-03
-1.910438e-03
-2.361482e-03
-2.982037e-03
-3.633431e-03
-4.220952e-03
-4.710356e-03
-5.090596e-03
-5.329587e-03
-5.369694e-03
-5.168254e-03
-4.744231e-03
-4.184476e-03
-3.598669e-03
-3.058836e-03
-2.574907e-03
-2.126410e-03
-1.718451e-03
-1.404442e-03
-1.244913e-03
-1.232155e-03
-1.252174e-03
-1.137079e-03
-7.891571e-04
-2.876693e-04
1.176643e-04
1.496128e-04
-2.989977e-04
-1.051678e-03
-1.714487e-03
-1.897334e-03
-1.451320e-03
-5.613685e-04
3.733405e-04
9.927480e-04
1.190547e-03
1.144867e-03
1.150822e-03
1.381336e-03
1.750966e-03
1.979095e-03
1.802190e-03
1.177655e-03
3.313099e-04
-3.830214e-04
-7.076794e-04
-6.292493e-04
-3.523192e-04
-1.296182e-04
-7.862470e-05
-1.142021e-04
-3.325208e-05
3.243634e-04
9.610994e-04
1.728493e-03
2.433187e-03
2.950215e-03
3.260062e-03
3.398708e-03
3.383096e-03
3.188503e-03
2.800789e-03
2.293074e-03
1.846485e-03
1.674868e-03
1.892631e-03
2.418995e-03
2.995761e-03
3.318730e-03
3.202496e-03
2.674452e-03
1.943514e-03
1.274009e-03
8.528606e-04
7.296545e-04
8.471682e-04
1.115524e-03
1.464209e-03
1.840998e-03
2.180590e-03
2.392085e-03
2.392970e-03
2.169398e-03
1.811068e-03
1.482235e-03
1.338336e-03
1.441280e-03
1.729992e-03
2.063077e-03
2.299484e-03
2.360586e-03
2.239170e-03
1.966514e-03
1.579314e-03
1.118818e-03
6.556715e-04
3.014986e-04
1.732811e-04
3.180063e-04
6.491508e-04
9.537733e-04
9.871276e-04
6.080801e-04
-1.291770e-04
-9.920481e-04
-1.692791e-03
-2.046242e-03
-2.066523e-03
-1.945914e-03
-1.933213e-03
-2.188686e-03
-2.700683e-03
-3.304752e-03
-3.782831e-03
-3.978879e-03
-3.868819e-03
-3.557580e-03
-3.217061e-03
-3.002621e-03
-2.986213e-03
-3.130335e-03
-3.309870e-03
-3.373112e-03
-3.218511e-03
-2.852480e-03
-2.394599e-03
-2.017952e-03
-1.849194e-03
-1.884600e-03
-1.979171e-03
-1.926779e-03
-1.589877e-03
-9.974297e-04
-3.417656e-04
1.323704e-04
2.796465e-04
1.472596e-04
-5.512519e-05
-9.086089e-05
1.533762e-04
6.040782e-04
1.065356e-03
1.362627e-03
1.461800e-03
1.479818e-03
1.582353e-03
1.846431e-03
2.190173e-03
2.421745e-03
2.372379e-03
2.018121e-03
1.504497e-03
1.058788e-03
8.531256e-04
9.118390e-04
1.119478e-03
1.312562e-03
1.383367e-03
1.325422e-03
1.201393e-03
1.072281e-03
9.485601e-04
7.969300e-04
5.868642e-04
3.303519e-04
7.901004e-05
-1.171688e-04
-2.510243e-04
-3.612940e-04
-4.929532e-04
-6.480547e-04
-7.703223e-04
-7.802393e-04
-6.358332e-04
-3.717689e-04
-8.450573e-05
1.274686e-04
2.245050e-04
2.429997e-04
2.577025e-04
3.194840e-04
4.163746e-04
4.862371e-04
4.691800e-04
3.582910e-04
2.104663e-04
1.108884e-04
1.192348e-04
2.366675e-04
4.136277e-04
5.866232e-04
7.132147e-04
7.815487e-04
7.953121e-04
7.548757e-04
6.544610e-04
4.962020e-04
3.033966e-04
1.145123e-04
-4.227857e-05
-1.734373e-04
-3.188885e-04
-5.197467e-04
-7.764216e-04
-1.030993e-03
-1.193039e-03
-1.195666e-03
-1.043202e-03
-8.146943e-04
-6.178164e-04
-5.237593e-04
-5.279925e-04
-5.630779e-04
-5.519692e-04
-4.618183e-04
-3.203372e-04
-1.867767e-04
-1.038600e-04
-6.928679e-05
-4.727111e-05
-7.466110e-06
4.283112e-05
6.058995e-05
1.866640e-06
-1.386472e-04
-3.153017e-04
-4.564332e-04
-5.072047e-04
-4.578468e-04
-3.380515e-04
-1.863481e-04
-2.273608e-05
1.523117e-04
3.344256e-04
4.928486e-04
5.753526e-04
5.436254e-04
4.130392e-04
2.608556e-04
1.871287e-04
2.493276e-04
4.165939e-04
5.811443e-04
6.257847e-04
5.047857e-04
2.818225e-04
9.531257e-05
7.100241e-05
2.392127e-04
5.125320e-04
7.393810e-04
7.978291e-04
6.679035e-04
4.369956e-04
2.392596e-04
1.730543e-04
2.510408e-04
4.103697e-04
5.670905e-04
6.710380e-04
7.233527e-04
7.512209e-04
7.673809e-04
7.508746e-04
6.653107e-04
4.986809e-04
2.900330e-04
1.174263e-04
5.134133e-05
1.052611e-04
2.195101e-04
2.921264e-04
2.378037e-04
3.648767e-05
-2.592387e-04
-5.602563e-04
-7.938922e-04
-9.381839e-04
-1.017883e-03
-1.070936e-03
-1.113843e-03
-1.131926e-03
-1.099290e-03
-1.009989e-03
-8.938517e-04
-8.030796e-04
-7.786803e-04
-8.216413e-04
-8.905516e-04
-9.278998e-04
-8.962298e-04
-7.983968e-04
-6.683223e-04
-5.406591e-04
-4.232550e-04
-2.938521e-04
-1.240272e-04
8.735651e-05
2.967479e-04
4.293924e-04
4.171227e-04
2.371142e-04
-7.227594e-05
-4.271724e-04
-7.342548e-04
-9.257331e-04
-9.764028e-04
-9.002113e-04
-7.358753e-04
-5.327686e-04
-3.408238e-04
-2.004964e-04
-1.291267e-04
-1.082621e-04
-8.402919e-05
1.020288e-05
2.142707e-04
5.067669e-04
8.017856e-04
9.873854e-04
9.886836e-04
8.177784e-04
5.757392e-04
4.000850e-04
3.871884e-04
5.379503e-04
7.620618e-04
9.383196e-04
9.911411e-04
9.327880e-04
8.448763e-04
8.149506e-04
8.744177e-04
9.813333e-04
1.057762e-03
1.051541e-03
9.754229e-04
8.948199e-04
8.746830e-04
9.268802e-04
9.987565e-04
1.012072e-03
9.231297e-04
7.586191e-04
5.997759e-04
5.261497e-04
5.603636e-04
6.541276e-04
7.245547e-04
7.123633e-04
6.181707e-04
4.910789e-04
3.809488e-04
2.935016e-04
1.845493e-04
-1.314053e-06
-2.773547e-04
-5.887311e-04
-8.359891e-04
-9.331234e-04
-8.594313e-04
-6.689976e-04
-4.528516e-04
-2.827742e-04
-1.770333e-04
-1.093772e-04
-4.887361e-05
4.200214e-06
1.564553e-05
-5.108056e-05
-1.959491e-04
-3.691396e-04
-4.963495e-04
-5.252008e-04
-4.586939e-04
-3.513509e-04
-2.717420e-04
-2.595671e-04
-3.077988e-04
-3.796402e-04
-4.431545e-04
-4.944825e-04
-5.522362e-04
-6.306785e-04
-7.170760e-04
-7.748030e-04
-7.716381e-04
-7.104125e-04
-6.351539e-04
-6.040661e-04
-6.471667e-04
-7.402523e-04
-8.165472e-04
-8.100253e-04
-7.004878e-04
-5.282571e-04
-3.678389e-04
-2.793023e-04
-2.717456e-04
-3.037759e-04
-3.187822e-04
-2.881022e-04
-2.307456e-04
-1.965584e-04
-2.264667e-04
-3.191308e-04
-4.273969e-04
-4.859638e-04
-4.503323e-04
-3.212255e-04
-1.408165e-04
3.318032e-05
1.567535e-04
2.152461e-04
2.210534e-04
2.012398e-04
1.860635e-04
2.032697e-04
2.750125e-04
4.121117e-04
6.054668e-04
8.211696e-04
1.006899e-03
1.110376e-03
1.101142e-03
9.827975e-04
7.883788e-04
5.628453e-04
3.451388e-04
1.609560e-04
2.741648e-05
-3.961404e-05
-2.676252e-05
6.443022e-05
2.036248e-04
3.315122e-04
3.812169e-04
3.131760e-04
1.425209e-04
-6.114261e-05
-2.058413e-04
-2.246901e-04
-1.107631e-04
8.194124e-05
2.718348e-04
3.962853e-04
4.425858e-04
4.456329e-04
4.566995e-04
