-1.002304e-03
-9.925382e-04
-9.827693e-04
-9.730000e-04
-9.632456e-04
-9.535296e-04
-9.438638e-04
-9.342297e-04
-9.245826e-04
-9.148823e-04
-9.051298e-04
-8.953788e-04
-8.857089e-04
-8.761795e-04
-8.668059e-04
-8.575770e-04
-8.484930e-04
-8.395736e-04
-8.307996e-04
-8.220217e-04
-8.129235e-04
-8.031248e-04
-7.924217e-04
-7.810391e-04
-7.697023e-04
-7.594084e-04
-7.509594e-04
-7.445139e-04
-7.394676e-04
-7.348166e-04
-7.298537e-04
-7.247877e-04
-7.208452e-04
-7.196818e-04
-7.223562e-04
-7.284467e-04
-7.358876e-04
-7.417340e-04
-7.435270e-04
-7.405556e-04
-7.343236e-04
-7.279514e-04
-7.248068e-04
-7.270495e-04
-7.347700e-04
-7.460435e-04
-7.577495e-04
-7.666990e-04
-7.705939e-04
-7.685496e-04
-7.611491e-04
-7.501322e-04
-7.378458e-04
-7.265743e-04
-7.179104e-04
-7.123785e-04
-7.094907e-04
-7.082312e-04
-7.077206e-04
-7.076773e-04
-7.084235e-04
-7.105233e-04
-7.144454e-04
-7.206472e-04
-7.301138e-04
-7.448922e-04
-7.679394e-04
-8.019268e-04
-8.473755e-04
-9.011737e-04
-9.566013e-04
-1.005282e-03
-1.040349e-03
-1.059236e-03
-1.064570e-03
-1.062563e-03
-1.059784e-03
-1.060071e-03
-1.063325e-03
-1.066770e-03
-1.067780e-03
-1.066427e-03
-1.066022e-03
-1.071138e-03
-1.084156e-03
-1.102398e-03
-1.117773e-03
-1.119554e-03
-1.099130e-03
-1.054271e-03
-9.904415e-04
-9.181173e-04
-8.472454e-04
-7.817711e-04
-7.173939e-04
-6.441084e-04
-5.523794e-04
-4.395206e-04
-3.124671e-04
-1.850530e-04
-7.113530e-05
2.253043e-05
9.952290e-05
1.713214e-04
2.509376e-04
3.467093e-04
4.599831e-04
5.875714e-04
7.265302e-04
8.773476e-04
1.043092e-03
1.225354e-03
1.420462e-03
1.619419e-03
1.812201e-03
1.993623e-03
2.166445e-03
2.339217e-03
2.520159e-03
2.711477e-03
2.908386e-03
3.103768e-03
3.295180e-03
3.489002e-03
3.698410e-03
3.936296e-03
4.207894e-03
4.508101e-03
4.824982e-03
5.146427e-03
5.464791e-03
5.776167e-03
6.075433e-03
6.351762e-03
6.589164e-03
6.772763e-03
6.896803e-03
6.968515e-03
7.004482e-03
7.021342e-03
7.026767e-03
7.016522e-03
6.979125e-03
6.904324e-03
6.789095e-03
6.637084e-03
6.452540e-03
6.234067e-03
5.973730e-03
5.663046e-03
5.302130e-03
4.905609e-03
4.500804e-03
4.118698e-03
3.782861e-03
3.502583e-03
3.273519e-03
3.084363e-03
2.924845e-03
2.790476e-03
2.682422e-03
2.604141e-03
2.557741e-03
2.541965e-03
2.551722e-03
2.577982e-03
2.607593e-03
2.623992e-03
2.610374e-03
2.555482e-03
2.459675e-03
2.337329e-03
2.212659e-03
2.109652e-03
2.040918e-03
2.001955e-03
1.974960e-03
1.940868e-03
1.892854e-03
1.842769e-03
1.815476e-03
1.833232e-03
1.899014e-03
1.989535e-03
2.063973e-03
2.085168e-03
2.041697e-03
1.957204e-03
1.879656e-03
1.854970e-03
1.899652e-03
1.989178e-03
2.070507e-03
2.092697e-03
2.037728e-03
1.932212e-03
1.831502e-03
1.784733e-03
1.801913e-03
1.843997e-03
1.843205e-03
1.742948e-03
1.530933e-03
1.245478e-03
9.520106e-04
7.050729e-04
5.195519e-04
3.679843e-04
2.034037e-04
-8.922204e-06
-2.719370e-04
-5.608350e-04
-8.454971e-04
-1.114032e-03
-1.380503e-03
-1.671890e-03
-2.004212e-03
-2.365204e-03
-2.716183e-03
-3.012443e-03
-3.228989e-03
-3.375053e-03
-3.488472e-03
-3.614123e-03
-3.780301e-03
-3.987210e-03
-4.213012e-03
-4.431442e-03
-4.628352e-03
-4.806512e-03
-4.976691e-03
-5.142292e-03
-5.288868e-03
-5.386381e-03
-5.403745e-03
-5.327314e-03
-5.172279e-03
-4.979750e-03
-4.800271e-03
-4.671978e-03
-4.604565e-03
-4.577168e-03
-4.551034e-03
-4.490320e-03
-4.380462e-03
-4.235207e-03
-4.089472e-03
-3.982472e-03
-3.940030e-03
-3.964644e-03
-4.037186e-03
-4.127942e-03
-4.210434e-03
-4.271115e-03
-4.311174e-03
-4.341086e-03
-4.371798e-03
-4.407139e-03
-4.440637e-03
-4.457520e-03
-4.440656e-03
-4.377839e-03
-4.267410e-03
-4.119599e-03
-3.952447e-03
-3.783551e-03
-3.621297e-03
-3.460120e-03
-3.282639e-03
-3.067748e-03
-2.800128e-03
-2.475758e-03
-2.100875e-03
-1.686624e-03
-1.244786e-03
-7.888431e-04
-3.396387e-04
7.016976e-05
3.994311e-04
6.112082e-04
6.889269e-04
6.456150e-04
5.187351e-04
3.521091e-04
1.754830e-04
-5.451944e-06
-2.025805e-04
-4.278680e-04
-6.780390e-04
-9.326650e-04
-1.166369e-03
-1.364605e-03
-1.529380e-03
-1.669227e-03
-1.781027e-03
-1.839488e-03
-1.805930e-03
-1.653654e-03
-1.392941e-03
-1.075931e-03
-7.738518e-04
-5.384804e-04
-3.724937e-04
-2.294779e-04
-4.545281e-05
2.175458e-04
5.440251e-04
8.716447e-04
1.127333e-03
1.269216e-03
1.307855e-03
1.295270e-03
1.291950e-03
1.335271e-03
1.428953e-03
1.556338e-03
1.703347e-03
1.872088e-03
2.075668e-03
2.320494e-03
2.591997e-03
2.856362e-03
3.077963e-03
3.240074e-03
3.354255e-03
3.452512e-03
3.568689e-03
3.721986e-03
3.911958e-03
4.124592e-03
4.341436e-03
4.544000e-03
4.712490e-03
4.824691e-03
4.861153e-03
4.816262e-03
4.707219e-03
4.571398e-03
4.449479e-03
4.362438e-03
4.296707e-03
4.208274e-03
4.045115e-03
3.775886e-03
3.409160e-03
2.993733e-03
2.601732e-03
2.304654e-03
2.153259e-03
2.166777e-03
2.330773e-03
2.600886e-03
2.911519e-03
3.190471e-03
3.378686e-03
3.449225e-03
3.416027e-03
3.325659e-03
3.234297e-03
3.181789e-03
3.177437e-03
3.204876e-03
3.240654e-03
3.271923e-03
3.300266e-03
3.330155e-03
3.353260e-03
3.343673e-03
3.270677e-03
3.120983e-03
2.913133e-03
2.690796e-03
2.497066e-03
2.347154e-03
2.220083e-03
2.077446e-03
1.897355e-03
1.698945e-03
1.537320e-03
1.468671e-03
1.506892e-03
1.601083e-03
1.651430e-03
1.556633e-03
1.265514e-03
8.023402e-04
2.516654e-04
-2.869560e-04
-7.471579e-04
-1.120435e-03
-1.447278e-03
-1.784915e-03
-2.172914e-03
-2.614713e-03
-3.080286e-03
-3.522589e-03
-3.895797e-03
-4.167368e-03
-4.323078e-03
-4.368204e-03
-4.326869e-03
-4.238085e-03
-4.145983e-03
-4.084982e-03
-4.065799e-03
-4.070412e-03
-4.060505e-03
-3.996196e-03
-3.855202e-03
-3.641878e-03
-3.381598e-03
-3.104878e-03
-2.831537e-03
-2.564393e-03
-2.295362e-03
-2.018907e-03
-1.743615e-03
-1.494543e-03
-1.305070e-03
-1.203298e-03
-1.200890e-03
-1.290357e-03
-1.451800e-03
-1.664948e-03
-1.919722e-03
-2.219566e-03
-2.575761e-03
-2.995857e-03
-3.472726e-03
-3.980769e-03
-4.482187e-03
-4.940634e-03
-5.335097e-03
-5.666240e-03
-5.951537e-03
-6.212087e-03
-6.458986e-03
-6.687253e-03
-6.880209e-03
-7.020250e-03
-7.097942e-03
-7.113194e-03
-7.068691e-03
-6.962114e-03
-6.785012e-03
-6.531260e-03
-6.210173e-03
-5.854396e-03
-5.514756e-03
-5.242388e-03
-5.067239e-03
-4.985330e-03
-4.962448e-03
-4.952196e-03
-4.918051e-03
-4.847585e-03
-4.752727e-03
-4.658659e-03
-4.589684e-03
-4.559907e-03
-4.571448e-03
-4.617449e-03
-4.685466e-03
-4.759157e-03
-4.819686e-03
-4.849347e-03
-4.837589e-03
-4.786114e-03
-4.708644e-03
-4.623784e-03
-4.544496e-03
-4.470832e-03
-4.391054e-03
-4.290584e-03
-4.162507e-03
-4.011921e-03
-3.850638e-03
-3.685701e-03
-3.509952e-03
-3.301890e-03
-3.035913e-03
-2.697077e-03
-2.291376e-03
-1.845345e-03
-1.395282e-03
-9.722209e-04
-5.904203e-04
-2.442239e-04
8.676760e-05
4.279730e-04
8.001648e-04
1.213113e-03
1.663910e-03
2.140002e-03
2.625941e-03
3.111523e-03
3.597591e-03
4.095703e-03
4.620397e-03
5.177355e-03
5.754698e-03
6.324362e-03
6.855136e-03
7.330969e-03
7.763079e-03
8.186497e-03
8.640691e-03
9.144573e-03
9.681096e-03
1.020189e-02
1.065023e-02
1.098887e-02
1.121588e-02
1.135919e-02
1.145415e-02
1.151906e-02
1.154459e-02
1.150300e-02
1.136996e-02
1.114428e-02
1.085283e-02
1.053928e-02
1.024536e-02
9.997308e-03
9.804683e-03
9.668690e-03
9.590894e-03
9.574230e-03
9.615772e-03
9.698306e-03
9.789394e-03
9.851159e-03
9.855739e-03
9.796591e-03
9.688340e-03
9.555500e-03
9.417626e-03
9.279998e-03
9.134074e-03
8.964853e-03
8.758373e-03
8.504445e-03
8.195154e-03
7.823837e-03
7.388316e-03
6.897224e-03
6.373521e-03
5.849528e-03
5.353402e-03
4.894116e-03
4.454793e-03
3.999897e-03
3.492860e-03
2.913491e-03
2.264419e-03
1.563230e-03
8.266853e-04
5.853414e-05
-7.506834e-04
-1.612344e-03
-2.525575e-03
-3.470365e-03
-4.412329e-03
-5.315142e-03
-6.151981e-03
-6.909518e-03
-7.584609e-03
-8.179186e-03
-8.698761e-03
-9.154898e-03
-9.566931e-03
-9.957905e-03
-1.034492e-02
-1.073029e-02
-1.110141e-02
-1.144159e-02
-1.174535e-02
-1.202639e-02
-1.231050e-02
-1.261634e-02
-1.293723e-02
-1.323806e-02
-1.347168e-02
-1.360488e-02
-1.363601e-02
-1.359120e-02
-1.350122e-02
-1.337603e-02
-1.319658e-02
-1.293163e-02
-1.256849e-02
-1.213467e-02
-1.169194e-02
-1.130331e-02
-1.099367e-02
-1.073151e-02
-1.044675e-02
-1.007599e-02
-9.607248e-03
-9.095558e-03
-8.638905e-03
-8.328894e-03
-8.205749e-03
-8.242828e-03
-8.365995e-03
-8.491943e-03
-8.560941e-03
-8.547711e-03
-8.451435e-03
-8.279121e-03
-8.036957e-03
-7.733741e-03
-7.388557e-03
-7.031422e-03
-6.692633e-03
-6.387427e-03
-6.107854e-03
-5.828984e-03
-5.525584e-03
-5.187315e-03
-4.821857e-03
-4.445128e-03
-4.067881e-03
-3.690191e-03
-3.307902e-03
-2.924149e-03
-2.553989e-03
-2.215480e-03
-1.912511e-03
-1.623505e-03
-1.307924e-03
-9.300001e-04
-4.851463e-04
-1.007759e-05
4.328731e-04
7.894095e-04
1.043977e-03
1.227487e-03
1.396781e-03
1.599150e-03
1.844869e-03
2.104871e-03
2.333634e-03
2.501015e-03
2.612005e-03
2.702773e-03
2.817666e-03
2.983735e-03
3.199361e-03
3.442803e-03
3.693049e-03
3.948266e-03
4.230104e-03
4.572002e-03
4.999336e-03
5.513087e-03
6.085516e-03
6.669359e-03
7.215579e-03
7.691674e-03
8.092998e-03
8.442531e-03
8.778818e-03
9.136511e-03
9.527787e-03
9.933823e-03
1.031185e-02
1.061563e-02
1.081911e-02
1.093011e-02
1.098508e-02
1.102739e-02
1.108147e-02
1.113882e-02
1.116460e-02
1.112087e-02
1.099153e-02
1.079337e-02
1.056621e-02
1.034910e-02
1.015772e-02
9.976879e-03
9.771409e-03
9.507388e-03
9.170128e-03
8.769322e-03
8.330902e-03
7.882948e-03
7.444507e-03
7.021726e-03
6.609851e-03
6.196894e-03
5.766433e-03
5.300231e-03
4.782628e-03
4.206584e-03
3.578075e-03
2.914916e-03
2.239304e-03
1.568306e-03
9.088771e-04
2.612058e-04
-3.721221e-04
-9.786188e-04
-1.536834e-03
-2.026179e-03
-2.438702e-03
-2.783387e-03
-3.078409e-03
-3.335706e-03
-3.548613e-03
-3.691976e-03
-3.735764e-03
-3.663751e-03
-3.485281e-03
-3.233112e-03
-2.950003e-03
-2.673829e-03
-2.430361e-03
-2.235487e-03
-2.100753e-03
-2.034240e-03
-2.034413e-03
-2.082811e-03
-2.145080e-03
-2.184913e-03
-2.185114e-03
-2.162254e-03
-2.162957e-03
-2.240941e-03
-2.427080e-03
-2.710636e-03
-3.043479e-03
-3.364625e-03
-3.629528e-03
-3.826378e-03
-3.971399e-03
-4.089799e-03
-4.197996e-03
-4.299892e-03
-4.397824e-03
-4.506736e-03
-4.657264e-03
-4.881978e-03
-5.192586e-03
-5.564303e-03
-5.940329e-03
-6.256389e-03
-6.471637e-03
-6.587446e-03
-6.643095e-03
-6.691837e-03
-6.772577e-03
-6.893678e-03
-7.036299e-03
-7.171751e-03
-7.279681e-03
-7.355698e-03
-7.406064e-03
-7.436134e-03
-7.442234e-03
-7.412356e-03
-7.333733e-03
-7.200716e-03
-7.017462e-03
-6.794984e-03
-6.546551e-03
-6.285642e-03
-6.027116e-03
-5.788303e-03
-5.586250e-03
-5.430875e-03
-5.318275e-03
-5.229811e-03
-5.139168e-03
-5.023647e-03
-4.872324e-03
-4.685633e-03
-4.467447e-03
-4.216909e-03
-3.928016e-03
-3.599031e-03
-3.245226e-03
-2.903892e-03
-2.624219e-03
-2.444844e-03
-2.371680e-03
-2.370669e-03
-2.382019e-03
-2.349037e-03
-2.244912e-03
-2.081569e-03
-1.895974e-03
-1.723559e-03
-1.576201e-03
-1.438239e-03
-1.281336e-03
-1.086456e-03
-8.574143e-04
-6.175727e-04
-3.936875e-04
-1.994763e-04
-3.084269e-05
1.253590e-04
2.773503e-04
4.207325e-04
5.427053e-04
6.338998e-04
6.974660e-04
7.475912e-04
7.986282e-04
8.541705e-04
9.060054e-04
9.450844e-04
9.763997e-04
1.025120e-03
1.126638e-03
1.304937e-03
1.553302e-03
1.831429e-03
2.082699e-03
2.261838e-03
2.355786e-03
2.384893e-03
2.384538e-03
2.379949e-03
2.370688e-03
2.333751e-03
2.241195e-03
2.078956e-03
1.854227e-03
1.588104e-03
1.300906e-03
1.001853e-03
6.901015e-04
3.646788e-04
3.409450e-05
-2.827273e-04
-5.651965e-04
-8.026168e-04
-9.994241e-04
-1.169862e-03
-1.325929e-03
-1.467394e-03
-1.580920e-03
-1.648306e-03
-1.657233e-03
-1.606550e-03
-1.502947e-03
-1.352889e-03
-1.157369e-03
-9.145418e-04
-6.285792e-04
-3.173252e-04
-1.108224e-05
2.594171e-04
4.799910e-04
6.646755e-04
8.539749e-04
1.099075e-03
1.439500e-03
1.885442e-03
2.413350e-03
2.976175e-03
3.522244e-03
4.013150e-03
4.432668e-03
4.784172e-03
5.080014e-03
5.329810e-03
5.534109e-03
5.686122e-03
5.779330e-03
5.815502e-03
5.807664e-03
5.775927e-03
5.738794e-03
5.705765e-03
5.676473e-03
5.647295e-03
5.620941e-03
5.611720e-03
5.641287e-03
5.725961e-03
5.863033e-03
6.025449e-03
6.169839e-03
6.254589e-03
6.257850e-03
6.184952e-03
6.061177e-03
5.915123e-03
5.763569e-03
5.606988e-03
5.436927e-03
5.248149e-03
5.045713e-03
4.841846e-03
4.645828e-03
4.455759e-03
4.259506e-03
4.044665e-03
3.809779e-03
3.567459e-03
3.336079e-03
3.125860e-03
2.930368e-03
2.731168e-03
2.513547e-03
2.281980e-03
2.062663e-03
1.888769e-03
1.776651e-03
1.709096e-03
1.638679e-03
1.511673e-03
1.299037e-03
1.015296e-03
7.129113e-04
4.547647e-04
2.809333e-04
1.891343e-04
1.392815e-04
7.760620e-05
-3.539546e-05
-2.094767e-04
-4.283320e-04
-6.665349e-04
-9.065528e-04
-1.144991e-03
-1.386467e-03
-1.632622e-03
-1.876406e-03
-2.106593e-03
-2.318824e-03
-2.523819e-03
-2.744916e-03
-3.004593e-03
-3.307837e-03
-3.633319e-03
-3.939085e-03
-4.180645e-03
-4.331599e-03
-4.395361e-03
-4.401867e-03
-4.392009e-03
-4.399212e-03
-4.438211e-03
-4.505665e-03
-4.589685e-03
-4.680474e-03
-4.775060e-03
-4.874331e-03
-4.976449e-03
-5.072973e-03
-5.151439e-03
-5.202651e-03
-5.226880e-03
-5.233577e-03
-5.233890e-03
-5.230931e-03
-5.215000e-03
-5.168014e-03
-5.074937e-03
-4.934747e-03
-4.763284e-03
-4.585657e-03
-4.423219e-03
-4.284090e-03
-4.163784e-03
-4.055175e-03
-3.959975e-03
-3.892358e-03
-3.870879e-03
-3.903663e-03
-3.977615e-03
-4.060642e-03
-4.117203e-03
-4.127905e-03
-4.100037e-03
-4.061172e-03
-4.039011e-03
-4.040162e-03
-4.041884e-03
-4.002786e-03
-3.886250e-03
-3.682035e-03
-3.412587e-03
-3.120346e-03
-2.844227e-03
-2.599824e-03
-2.374837e-03
-2.141271e-03
-1.875683e-03
-1.574726e-03
-1.257303e-03
-9.535047e-04
-6.881737e-04
-4.689258e-04
-2.844147e-04
-1.119470e-04
7.127118e-05
2.795080e-04
5.156620e-04
7.734139e-04
1.041382e-03
1.306618e-03
1.556561e-03
1.780116e-03
1.968817e-03
2.118323e-03
2.229652e-03
2.309336e-03
2.368076e-03
2.418110e-03
2.469964e-03
2.529479e-03
2.596027e-03
2.662720e-03
2.718889e-03
2.754225e-03
2.763007e-03
2.746503e-03
2.712406e-03
2.671773e-03
2.635426e-03
2.611986e-03
2.608467e-03
2.632367e-03
2.693022e-03
2.800493e-03
2.962224e-03
3.179519e-03
3.446259e-03
3.750749e-03
4.079383e-03
4.419628e-03
4.760664e-03
5.092103e-03
5.402917e-03
5.682486e-03
5.923604e-03
6.125128e-03
6.291510e-03
6.428505e-03
6.537416e-03
6.612045e-03
6.641263e-03
6.616446e-03
6.539355e-03
6.425041e-03
6.297110e-03
6.177422e-03
6.076031e-03
5.987262e-03
5.894205e-03
5.778925e-03
5.632430e-03
5.458966e-03
5.272833e-03
5.090345e-03
4.921903e-03
4.768442e-03
4.623450e-03
4.478538e-03
4.328942e-03
4.176057e-03
4.026206e-03
3.886967e-03
3.763411e-03
3.656196e-03
3.562100e-03
3.476162e-03
3.393743e-03
3.311059e-03
3.223792e-03
3.124799e-03
3.002827e-03
2.843843e-03
2.635059e-03
2.369829e-03
2.050539e-03
1.687440e-03
1.293725e-03
8.797178e-04
4.498992e-04
4.798987e-06
-4.535153e-04
-9.163454e-04
-1.367693e-03
-1.789123e-03
-2.167261e-03
-2.498868e-03
-2.789766e-03
-3.048176e-03
-3.277098e-03
-3.471425e-03
-3.622365e-03
-3.726563e-03
-3.793704e-03
-3.846879e-03
-3.914565e-03
-4.018479e-03
-4.164334e-03
-4.340597e-03
-4.525370e-03
-4.696788e-03
-4.840931e-03
-4.953785e-03
-5.038023e-03
-5.098291e-03
-5.138453e-03
-5.161657e-03
-5.171507e-03
-5.172020e-03
-5.165748e-03
-5.151628e-03
-5.124900e-03
-5.080026e-03
-5.015149e-03
-4.935167e-03
-4.851176e-03
-4.776383e-03
-4.720783e-03
-4.687476e-03
-4.672166e-03
-4.665392e-03
-4.655819e-03
-4.633132e-03
-4.590007e-03
-4.523343e-03
-4.434716e-03
-4.329559e-03
-4.214638e-03
-4.094503e-03
-3.968763e-03
-3.832194e-03
-3.678078e-03
-3.502840e-03
-3.308658e-03
-3.101840e-03
-2.887779e-03
-2.666135e-03
-2.430206e-03
-2.171641e-03
-1.887526e-03
-1.584614e-03
-1.276976e-03
-9.779544e-04
-6.917175e-04
-4.106024e-04
-1.207993e-04
1.868489e-04
5.080328e-04
8.243000e-04
1.111397e-03
1.351517e-03
1.541783e-03
1.693945e-03
1.826158e-03
1.952724e-03
2.078423e-03
2.200253e-03
2.314043e-03
2.420292e-03
2.524793e-03
2.633873e-03
2.748128e-03
2.859519e-03
2.954081e-03
3.018517e-03
3.046419e-03
3.040518e-03
3.010265e-03
2.967069e-03
2.920417e-03
2.876788e-03
2.840910e-03
2.817409e-03
2.811125e-03
2.825796e-03
2.862150e-03
2.916799e-03
2.982651e-03
3.050628e-03
3.111949e-03
3.160223e-03
3.192814e-03
3.211034e-03
3.218921e-03
3.220827e-03
3.218819e-03
3.211434e-03
3.194874e-03
3.166272e-03
3.126951e-03
3.083138e-03
3.042955e-03
3.011182e-03
2.985276e-03
2.955792e-03
2.911595e-03
2.846756e-03
2.764464e-03
2.675052e-03
2.589253e-03
2.511340e-03
2.437079e-03
2.358066e-03
2.269339e-03
2.174553e-03
2.084579e-03
2.010120e-03
1.953435e-03
1.905185e-03
1.848962e-03
1.770682e-03
1.666536e-03
1.544220e-03
1.416849e-03
1.293994e-03
1.176059e-03
1.055540e-03
9.237632e-04
7.779675e-04
6.238146e-04
4.719831e-04
3.317597e-04
2.062958e-04
9.246854e-05
-1.532697e-05
-1.207771e-04
-2.238054e-04
-3.219554e-04
-4.130492e-04
-4.965135e-04
-5.723750e-04
-6.392575e-04
-6.937042e-04
-7.319811e-04
-7.532378e-04
-7.614788e-04
-7.644822e-04
-7.700785e-04
-7.822431e-04
-7.996180e-04
-8.172510e-04
-8.300090e-04
-8.351139e-04
-8.322942e-04
-8.221576e-04
-8.047832e-04
-7.800667e-04
-7.495002e-04
-7.174764e-04
-6.903141e-04
-6.730081e-04
-6.657599e-04
-6.628988e-04
-6.553040e-04
-6.349640e-04
-5.987751e-04
-5.492713e-04
-4.922247e-04
-4.332044e-04
-3.756006e-04
-3.211119e-04
-2.715752e-04
-2.300546e-04
-2.000162e-04
-1.833226e-04
-1.789779e-04
-1.839530e-04
-1.955110e-04
-2.129147e-04
-2.366828e-04
-2.656164e-04
-2.940132e-04
-3.119060e-04
-3.091902e-04
-2.814735e-04
-2.337239e-04
-1.788560e-04
-1.317129e-04
-1.021391e-04
-9.156306e-05
-9.509424e-05
-1.072663e-04
-1.270458e-04
-1.584100e-04
-2.061760e-04
-2.703393e-04
-3.433283e-04
-4.124921e-04
-4.663637e-04
-5.005529e-04
-5.194115e-04
-5.325795e-04
-5.489561e-04
-5.721146e-04
-5.998108e-04
-6.272060e-04
-6.510099e-04
-6.715568e-04
-6.917372e-04
-7.141023e-04
-7.385495e-04
-7.621900e-04
-7.811437e-04
-7.926464e-04
-7.959376e-04
-7.916389e-04
-7.805863e-04
-7.633219e-04
-7.406165e-04
-7.143089e-04
-6.873944e-04
-6.629607e-04
-6.426534e-04
-6.258992e-04
-6.106407e-04
-5.951979e-04
-5.799805e-04
-5.678327e-04
-5.627259e-04
-5.676167e-04
-5.827377e-04
-6.051669e-04
-6.296468e-04
-6.500055e-04
-6.605317e-04
-6.570670e-04
-6.378980e-04
-6.044212e-04
-5.612121e-04
-5.150156e-04
-4.726060e-04
-4.382214e-04
-4.117816e-04
-3.888501e-04
-3.623844e-04
-3.253323e-04
-2.727871e-04
-2.029026e-04
-1.166690e-04
-1.723447e-05
9.067349e-05
2.012799e-04
3.087130e-04
4.085903e-04
4.996998e-04
5.846664e-04
6.687756e-04
7.572231e-04
8.522416e-04
9.518516e-04
1.051053e-03
1.144672e-03
1.229982e-03
1.307418e-03
1.379149e-03
1.446800e-03
1.510186e-03
1.567996e-03
1.619762e-03
1.667379e-03
1.714739e-03
1.765548e-03
1.820831e-03
1.878009e-03
1.932298e-03
1.979509e-03
2.018302e-03
2.050391e-03
2.078679e-03
2.104775e-03
2.127623e-03
2.144020e-03
2.150392e-03
2.144389e-03
2.125327e-03
2.093548e-03
2.049685e-03
1.994659e-03
1.930360e-03
1.860156e-03
1.788345e-03
1.718584e-03
1.652324e-03
1.588464e-03
1.524614e-03
1.459068e-03
1.391967e-03
1.324718e-03
1.258123e-03
1.190784e-03
1.119217e-03
1.039811e-03
9.512413e-04
8.555371e-04
7.569248e-04
6.593299e-04
5.644615e-04
4.719750e-04
3.815420e-04
2.950757e-04
2.171347e-04
1.528912e-04
1.049760e-04
7.148490e-05
4.665499e-05
2.376576e-05
-1.799639e-06
-3.141217e-05
-6.445073e-05
-1.004975e-04
-1.403275e-04
-1.846839e-04
-2.318989e-04
-2.767114e-04
-3.119739e-04
-3.327091e-04
-3.398550e-04
-3.407808e-04
-3.456490e-04
-3.616303e-04
-3.886729e-04
-4.196698e-04
-4.449383e-04
-4.579979e-04
-4.588035e-04
-4.524688e-04
-4.447388e-04
-4.377150e-04
-4.289880e-04
-4.147150e-04
-3.942262e-04
-3.726231e-04
-3.592985e-04
-3.632442e-04
-3.882625e-04
-4.311830e-04
-4.840300e-04
-5.384290e-04
-5.892760e-04
-6.355956e-04
-6.787270e-04
-7.197909e-04
-7.585293e-04
-7.941694e-04
-8.271889e-04
-8.601621e-04
-8.966883e-04
-9.390119e-04
-9.860151e-04
-1.033022e-03
-1.073540e-03
-1.101759e-03
-1.114301e-03
-1.110472e-03
-1.091456e-03
-1.059431e-03
-1.017294e-03
-9.687650e-04
-9.181388e-04
-8.692694e-04
-8.241888e-04
-7.823933e-04
-7.415543e-04
-6.993903e-04
-6.554566e-04
-6.115116e-04
-5.700790e-04
-5.321831e-04
-4.959491e-04
-4.572384e-04
-4.120693e-04
-3.592719e-04
-3.016057e-04
-2.445860e-04
-1.937832e-04
-1.522944e-04
-1.198202e-04
-9.359411e-05
-7.021679e-05
-4.708959e-05
-2.274709e-05
3.625781e-06
3.266178e-05
6.469869e-05
9.927070e-05
1.349151e-04
1.698252e-04
2.031346e-04
2.359475e-04
2.712335e-04
3.124416e-04
3.616128e-04
4.181729e-04
4.791498e-04
5.406049e-04
5.993118e-04
6.536850e-04
7.036247e-04
7.497318e-04
7.926668e-04
8.330764e-04
8.718713e-04
9.102743e-04
9.492898e-04
9.888489e-04
1.027326e-03
1.061973e-03
1.090160e-03
1.110657e-03
1.124066e-03
1.132091e-03
1.136137e-03
1.136243e-03
1.131108e-03
1.119173e-03
1.100026e-03
1.075152e-03
1.047566e-03
1.020591e-03
9.965657e-04
9.761582e-04
9.585237e-04
9.420008e-04
9.248917e-04
9.060278e-04
8.850723e-04
8.626062e-04
8.399555e-04
8.186522e-04
7.995733e-04
7.821225e-04
7.640234e-04
7.420923e-04
7.137753e-04
6.786366e-04
6.388497e-04
5.982747e-04
5.605937e-04
5.276205e-04
4.988122e-04
4.722131e-04
4.461063e-04
4.202034e-04
3.955930e-04
3.735753e-04
3.542888e-04
3.361132e-04
3.162203e-04
2.918149e-04
2.612019e-04
2.240730e-04
1.810669e-04
1.331646e-04
8.145798e-05
2.735938e-05
-2.714233e-05
-7.963166e-05
-1.278828e-04
-1.705384e-04
-2.073380e-04
-2.387412e-04
-2.653073e-04
-2.873903e-04
-3.053958e-04
-3.202633e-04
-3.335375e-04
-3.466861e-04
-3.600370e-04
-3.722389e-04
-3.809637e-04
-3.846756e-04
-3.843362e-04
-3.836794e-04
-3.875106e-04
-3.988708e-04
-4.168610e-04
-4.366817e-04
-4.520444e-04
-4.585095e-04
-4.556296e-04
-4.465576e-04
-4.355097e-04
-4.249206e-04
-4.142740e-04
-4.013243e-04
-3.846803e-04
-3.657570e-04
-3.486049e-04
-3.377001e-04
-3.352608e-04
-3.399668e-04
-3.479215e-04
-3.550938e-04
-3.594989e-04
-3.616791e-04
-3.633513e-04
-3.653813e-04
-3.666039e-04
-3.642523e-04
-3.555354e-04
-3.391466e-04
-3.157129e-04
-2.871109e-04
-2.554125e-04
-2.223297e-04
-1.894050e-04
-1.584283e-04
-1.313307e-04
-1.093124e-04
-9.176192e-05
-7.592967e-05
-5.792183e-05
-3.465237e-05
-5.617278e-06
2.664547e-05
5.774384e-05
8.355976e-05
1.020643e-04
1.138717e-04
1.214656e-04
1.278254e-04
1.353583e-04
1.455727e-04
1.592720e-04
1.767371e-04
1.975962e-04
2.205681e-04
2.435468e-04
2.642879e-04
2.814435e-04
2.953088e-04
3.077331e-04
3.211848e-04
3.375216e-04
3.571872e-04
3.792149e-04
4.018515e-04
4.232720e-04
4.419638e-04
4.567817e-04
4.669925e-04
4.725699e-04
4.746034e-04
4.753528e-04
4.775474e-04
4.830514e-04
4.915996e-04
5.004794e-04
5.055666e-04
5.032792e-04
4.923611e-04
4.744335e-04
4.529694e-04
4.313004e-04
4.108355e-04
3.904956e-04
3.675989e-04
3.395802e-04
3.055188e-04
2.666746e-04
2.258678e-04
1.861597e-04
1.495618e-04
1.163672e-04
8.531491e-05
5.442469e-05
2.209121e-05
-1.203965e-05
-4.680496e-05
-8.002629e-05
-1.095893e-04
-1.345756e-04
-1.557974e-04
-1.753337e-04
-1.952261e-04
-2.160662e-04
-2.363844e-04
-2.533357e-04
-2.643644e-04
-2.688386e-04
-2.685735e-04
-2.668376e-04
-2.664276e-04
-2.680435e-04
-2.700188e-04
-2.695537e-04
-2.645837e-04
-2.550029e-04
-2.424514e-04
-2.289103e-04
-2.151910e-04
-2.004483e-04
-1.830669e-04
-1.622501e-04
-1.391197e-04
-1.164849e-04
-9.739473e-05
-8.344283e-05
-7.395005e-05
-6.651593e-05
-5.849670e-05
-4.840311e-05
-3.638071e-05
-2.365229e-05
-1.150536e-05
-6.007400e-07
9.010728e-06
1.738295e-05
2.423685e-05
2.898805e-05
3.117211e-05
3.084071e-05
2.854550e-05
2.490970e-05
2.016917e-05
1.411002e-05
6.497824e-06
-2.339077e-06
-1.127718e-05
-1.877325e-05
-2.363071e-05
-2.561757e-05
-2.548671e-05
-2.438752e-05
-2.310541e-05
-2.167831e-05
-1.963542e-05
-1.662566e-05
-1.291930e-05
-9.385542e-06
-6.962705e-06
-6.020146e-06
-6.075396e-06
-6.049212e-06
-4.850732e-06
-1.884680e-06
2.809297e-06
8.767159e-06
1.540633e-05
2.218110e-05
2.854948e-05
3.391169e-05
3.768927e-05
3.953677e-05
3.949339e-05
3.788008e-05
3.495315e-05
3.056967e-05
2.417559e-05
1.521272e-05
3.702109e-06
-9.430992e-06
-2.259240e-05
-3.423119e-05
-4.358693e-05
-5.097593e-05
-5.742638e-05
-6.392120e-05
-7.076890e-05
-7.750755e-05
-8.334672e-05
-8.777310e-05
-9.086591e-05
-9.313159e-05
-9.505356e-05
-9.675741e-05
-9.806524e-05
-9.887212e-05
-9.950345e-05
-1.007240e-04
-1.033518e-04
-1.077481e-04
-1.135578e-04
-1.198772e-04
-1.257051e-04
-1.303371e-04
-1.334540e-04
-1.349369e-04
-1.346713e-04
-1.325866e-04
-1.289197e-04
-1.244298e-04
-1.202592e-04
-1.173965e-04
-1.160576e-04
-1.154581e-04
-1.142386e-04
-1.113485e-04
-1.068149e-04
-1.018369e-04
-9.807091e-05
-9.653661e-05
-9.686944e-05
-9.744740e-05
-9.634529e-05
-9.251202e-05
-8.641228e-05
-7.973010e-05
-7.434920e-05
-7.127942e-05
-7.018902e-05
-6.976270e-05
-6.855856e-05
-6.576315e-05
-6.140256e-05
-5.600453e-05
-5.008539e-05
-4.388959e-05
-3.753422e-05
-3.134595e-05
-2.601534e-05
-2.235307e-05
-2.077930e-05
-2.093363e-05
-2.175084e-05
-2.203088e-05
-2.117047e-05
-1.958592e-05
-1.854662e-05
-1.952252e-05
-2.345772e-05
-3.040511e-05
-3.969090e-05
-5.042164e-05
-6.195140e-05
-7.401371e-05
-8.650713e-05
-9.918341e-05
-1.115354e-04
-1.229963e-04
-1.332980e-04
-1.426939e-04
-1.518479e-04
-1.614335e-04
-1.717102e-04
-1.823625e-04
-1.927001e-04
-2.020614e-04
-2.101239e-04
-2.169119e-04
-2.225279e-04
-2.268518e-04
-2.294796e-04
-2.299955e-04
-2.284196e-04
-2.255192e-04
-2.227436e-04
-2.217701e-04
-2.238925e-04
-2.295659e-04
-2.383122e-04
-2.489752e-04
-2.601470e-04
-2.705590e-04
-2.793296e-04
-2.860711e-04
-2.908952e-04
-2.943181e-04
-2.970294e-04
-2.995340e-04
-3.017983e-04
-3.031223e-04
-3.024077e-04
-2.987701e-04
-2.921844e-04
-2.837447e-04
-2.752941e-04
-2.685545e-04
-2.642374e-04
-2.616789e-04
-2.592513e-04
-2.553181e-04
-2.491459e-04
-2.412131e-04
-2.327542e-04
-2.248808e-04
-2.178885e-04
-2.111975e-04
-2.039139e-04
-1.955632e-04
-1.864502e-04
-1.774014e-04
-1.691159e-04
-1.616384e-04
-1.543643e-04
-1.465703e-04
-1.380596e-04
-1.294177e-04
-1.216672e-04
-1.155640e-04
-1.110511e-04
-1.072766e-04
-1.031619e-04
-9.811169e-05
-9.235920e-05
-8.673065e-05
-8.204605e-05
-7.863441e-05
-7.632609e-05
-7.489428e-05
-7.455402e-05
-7.607443e-05
-8.035727e-05
-8.775591e-05
-9.762915e-05
-1.084758e-04
-1.185875e-04
-1.267969e-04
-1.328469e-04
-1.371982e-04
-1.404940e-04
-1.431154e-04
-1.451337e-04
-1.466233e-04
-1.480005e-04
-1.500470e-04
-1.535443e-04
-1.587754e-04
-1.652807e-04
-1.720765e-04
-1.782093e-04
-1.832707e-04
-1.875380e-04
-1.916856e-04
-1.963175e-04
-2.016699e-04
-2.076595e-04
-2.141644e-04
-2.212488e-04
-2.291197e-04
-2.378566e-04
-2.471728e-04
-2.564594e-04
-2.651358e-04
-2.730616e-04
-2.806785e-04
-2.887285e-04
-2.977114e-04
-3.074593e-04
-3.171440e-04
-3.257353e-04
-3.326063e-04
-3.378752e-04
-3.422608e-04
-3.465728e-04
-3.512072e-04
-3.559936e-04
-3.604753e-04
-3.643855e-04
-3.679558e-04
-3.718272e-04
-3.766273e-04
-3.825121e-04
-3.889845e-04
-3.951027e-04
-3.999319e-04
-4.029590e-04
-4.042482e-04
-4.043036e-04
-4.037762e-04
-4.031927e-04
-4.028094e-04
-4.025799e-04
-4.021803e-04
-4.010654e-04
-3.985815e-04
-3.941660e-04
-3.875956e-04
-3.791699e-04
-3.697115e-04
-3.603474e-04
-3.521688e-04
-3.459365e-04
-3.419615e-04
-3.401656e-04
-3.402135e-04
-3.415989e-04
-3.436566e-04
-3.455878e-04
-3.466092e-04
-3.462406e-04
-3.445952e-04
-3.424547e-04
-3.409967e-04
-3.412473e-04
-3.435365e-04
-3.472748e-04
-3.512036e-04
-3.539951e-04
-3.548616e-04
-3.538312e-04
-3.515584e-04
-3.488245e-04
-3.460623e-04
-3.431914e-04
