6.884457e-03
6.886695e-03
6.889265e-03
6.893337e-03
6.899354e-03
6.905011e-03
6.905748e-03
6.901494e-03
6.902035e-03
6.917125e-03
6.941683e-03
6.962583e-03
6.976887e-03
6.984704e-03
6.970284e-03
6.922320e-03
6.874208e-03
6.885943e-03
6.972831e-03
7.079207e-03
7.131478e-03
7.101794e-03
7.031448e-03
7.008090e-03
7.085276e-03
7.202096e-03
7.242720e-03
7.202055e-03
7.185435e-03
7.193388e-03
7.077165e-03
6.830004e-03
6.712901e-03
6.868781e-03
7.020825e-03
6.882373e-03
6.694964e-03
6.922837e-03
7.480764e-03
7.743107e-03
7.363026e-03
6.640372e-03
6.003552e-03
5.580239e-03
5.409913e-03
5.625955e-03
6.198300e-03
6.824631e-03
7.250262e-03
7.428363e-03
7.329195e-03
6.966952e-03
6.646917e-03
6.743847e-03
7.174280e-03
7.512313e-03
7.588595e-03
7.439751e-03
6.791089e-03
5.403400e-03
3.968919e-03
3.702929e-03
4.760237e-03
5.943319e-03
6.320399e-03
6.219554e-03
6.208290e-03
6.077548e-03
5.446193e-03
4.502320e-03
3.537921e-03
2.603715e-03
2.159930e-03
2.998452e-03
4.812954e-03
6.046718e-03
6.123629e-03
6.591562e-03
8.805719e-03
1.171441e-02
1.356287e-02
1.469777e-02
1.664339e-02
1.910837e-02
2.021442e-02
1.951125e-02
1.847355e-02
1.780276e-02
1.650130e-02
1.421876e-02
1.228774e-02
1.131777e-02
9.754832e-03
6.476233e-03
3.314508e-03
2.940351e-03
4.963431e-03
6.245963e-03
5.142213e-03
3.553424e-03
4.012261e-03
6.145782e-03
7.500086e-03
7.356061e-03
7.857491e-03
1.052296e-02
1.309846e-02
1.191527e-02
7.134945e-03
3.247509e-03
3.386320e-03
5.357004e-03
5.211119e-03
2.877823e-03
1.384116e-03
1.667047e-03
1.870885e-03
1.823271e-03
4.171854e-03
9.562202e-03
1.415219e-02
1.434483e-02
1.138212e-02
8.671195e-03
7.011072e-03
5.643176e-03
5.853988e-03
9.328706e-03
1.385859e-02
1.499320e-02
1.204581e-02
8.530966e-03
6.280716e-03
3.376930e-03
-8.811036e-04
-3.338585e-03
-1.782096e-03
1.206012e-03
2.198506e-03
1.786642e-03
2.153759e-03
2.378351e-03
2.815232e-04
-2.548393e-03
-1.864864e-03
3.442704e-03
1.025361e-02
1.578045e-02
1.986777e-02
2.272752e-02
2.380072e-02
2.337466e-02
2.238713e-02
2.039021e-02
1.686442e-02
1.461104e-02
1.776308e-02
2.549960e-02
3.210233e-02
3.501668e-02
3.810096e-02
4.367085e-02
4.610204e-02
3.904432e-02
2.648243e-02
2.007767e-02
2.526669e-02
3.539866e-02
4.105497e-02
4.048289e-02
3.827304e-02
3.754571e-02
3.729558e-02
3.559454e-02
3.163230e-02
2.501583e-02
1.633931e-02
9.030074e-03
7.954103e-03
1.467071e-02
2.538422e-02
3.464773e-02
3.992730e-02
4.155717e-02
3.978083e-02
3.399948e-02
2.462786e-02
1.378704e-02
3.758448e-03
-4.118605e-03
-8.987104e-03
-1.031106e-02
-8.640221e-03
-5.623114e-03
-2.939663e-03
-1.639549e-03
-1.883237e-03
-2.289885e-03
-6.027148e-04
3.148203e-03
5.379069e-03
3.822698e-03
2.717088e-03
8.729701e-03
2.159493e-02
3.329438e-02
3.817318e-02
3.967343e-02
4.427344e-02
5.199669e-02
5.617770e-02
5.078463e-02
3.580740e-02
1.746229e-02
4.683151e-03
2.372679e-03
5.694021e-03
3.884457e-03
-7.708352e-03
-2.232062e-02
-3.109808e-02
-3.405294e-02
-3.768386e-02
-4.468367e-02
-5.115423e-02
-5.294914e-02
-5.035086e-02
-4.632538e-02
-4.282615e-02
-3.885567e-02
-3.146831e-02
-2.050134e-02
-1.220818e-02
-1.344068e-02
-2.070328e-02
-2.137392e-02
-9.795027e-03
4.264596e-03
8.950137e-03
5.754440e-03
3.803699e-03
4.427411e-03
1.754819e-03
-4.612625e-03
-8.936590e-03
-1.071870e-02
-1.567895e-02
-2.401271e-02
-2.797313e-02
-2.414109e-02
-1.909745e-02
-1.908324e-02
-2.176396e-02
-2.218973e-02
-1.984342e-02
-1.568228e-02
-8.935106e-03
-1.505400e-03
4.307908e-04
-5.785321e-03
-1.481447e-02
-2.097875e-02
-2.537085e-02
-3.075555e-02
-3.457310e-02
-3.280476e-02
-2.694782e-02
-2.132371e-02
-1.632491e-02
-9.937926e-03
-3.744677e-03
-1.698620e-03
-3.869619e-03
-6.214512e-03
-6.119256e-03
-4.197561e-03
-1.243180e-03
2.342307e-03
3.856968e-03
-9.146983e-04
-1.243758e-02
-2.510825e-02
-3.204646e-02
-3.177545e-02
-2.934368e-02
-3.077293e-02
-3.665116e-02
-4.160171e-02
-4.010835e-02
-3.195257e-02
-2.147462e-02
-1.300244e-02
-8.266871e-03
-6.666251e-03
-6.071730e-03
-4.606247e-03
-3.421116e-03
-5.961164e-03
-1.246408e-02
-1.780264e-02
-1.794561e-02
-1.589340e-02
-1.703473e-02
-2.097202e-02
-2.285401e-02
-2.081589e-02
-1.658618e-02
-1.041467e-02
-1.739661e-03
6.010162e-03
8.030118e-03
5.598771e-03
4.592169e-03
6.573053e-03
7.990555e-03
8.086865e-03
9.696422e-03
1.120774e-02
6.352833e-03
-5.131079e-03
-1.445642e-02
-1.510228e-02
-1.028167e-02
-5.582744e-03
-1.524959e-03
1.866747e-03
1.953800e-04
-9.223046e-03
-2.141867e-02
-2.978222e-02
-3.399203e-02
-3.701763e-02
-3.874531e-02
-3.818126e-02
-3.810249e-02
-4.160757e-02
-4.678945e-02
-4.985960e-02
-5.064104e-02
-4.997069e-02
-4.474437e-02
-3.139911e-02
-1.261546e-02
4.536902e-03
1.589464e-02
2.155690e-02
2.192775e-02
1.711892e-02
9.190988e-03
8.723662e-04
-7.153502e-03
-1.453422e-02
-1.850905e-02
-1.652824e-02
-1.024405e-02
-3.433887e-03
2.745403e-03
9.207310e-03
1.524942e-02
1.903274e-02
2.062696e-02
2.126078e-02
2.062527e-02
1.816660e-02
1.595213e-02
1.665137e-02
1.903403e-02
1.877485e-02
1.412308e-02
8.458327e-03
6.732530e-03
1.074234e-02
1.808037e-02
2.497316e-02
2.996757e-02
3.418762e-02
3.704954e-02
3.360337e-02
1.982278e-02
2.118091e-04
-1.438730e-02
-1.788557e-02
-1.416107e-02
-1.031678e-02
-9.324232e-03
-1.098605e-02
-1.490660e-02
-1.913240e-02
-2.011620e-02
-1.784304e-02
-1.761833e-02
-2.326072e-02
-3.167702e-02
-3.741234e-02
-3.914507e-02
-3.831259e-02
-3.513981e-02
-3.015123e-02
-2.601029e-02
-2.319364e-02
-1.709894e-02
-4.617909e-03
9.109079e-03
1.597733e-02
1.498489e-02
1.169547e-02
9.453629e-03
6.990808e-03
3.848246e-03
2.087164e-03
2.125816e-03
2.047654e-03
1.962769e-03
4.517415e-03
9.804289e-03
1.361816e-02
1.224900e-02
6.185187e-03
-1.576441e-03
-7.851789e-03
-9.632376e-03
-6.194790e-03
-2.367751e-03
-5.856618e-03
-1.847544e-02
-3.248957e-02
-3.861460e-02
-3.612112e-02
-3.218658e-02
-3.237755e-02
-3.523626e-02
-3.640182e-02
-3.436391e-02
-3.011012e-02
-2.387558e-02
-1.571290e-02
-8.182011e-03
-4.732847e-03
-5.293818e-03
-7.053317e-03
-1.008733e-02
-1.763304e-02
-2.865578e-02
-3.490035e-02
-2.971381e-02
-1.693224e-02
-6.623560e-03
-4.059044e-03
-6.796576e-03
-1.007544e-02
-1.034778e-02
-5.889570e-03
6.365945e-04
2.361980e-03
-3.012836e-03
-6.724695e-03
1.515940e-03
1.879849e-02
3.200111e-02
3.517027e-02
3.473043e-02
3.611871e-02
3.531055e-02
2.783550e-02
1.746249e-02
9.953650e-03
4.811949e-03
-6.666728e-04
-4.511608e-03
-3.394492e-03
1.293755e-03
6.273354e-03
1.179645e-02
1.913045e-02
2.585213e-02
2.867686e-02
2.838805e-02
2.757323e-02
2.615006e-02
2.348725e-02
2.238465e-02
2.623037e-02
3.355309e-02
3.898333e-02
3.859979e-02
3.236948e-02
2.362811e-02
1.798693e-02
1.945899e-02
2.521155e-02
2.735014e-02
2.210467e-02
1.365542e-02
7.064008e-03
2.535144e-03
-2.528855e-04
2.058477e-03
1.091345e-02
1.990543e-02
2.030742e-02
1.105545e-02
-5.778886e-04
-6.734366e-03
-5.038232e-03
5.253507e-04
2.684988e-03
-2.374232e-03
-1.017082e-02
-1.345586e-02
-1.237052e-02
-1.276584e-02
-1.429901e-02
-9.784600e-03
6.752372e-04
5.980179e-03
8.984209e-04
-4.049998e-03
8.475007e-04
7.334988e-03
1.097387e-03
-1.524629e-02
-2.455379e-02
-1.786925e-02
-2.308825e-03
1.253392e-02
2.385580e-02
3.038046e-02
2.899675e-02
2.019109e-02
9.554533e-03
1.588789e-03
-2.677883e-03
-2.297341e-03
2.737607e-03
7.619400e-03
6.610445e-03
7.128831e-04
-4.534242e-03
-7.137835e-03
-7.352319e-03
-1.156612e-03
1.481210e-02
3.260956e-02
3.834554e-02
2.983707e-02
1.908373e-02
1.530728e-02
1.557815e-02
1.497134e-02
1.558133e-02
2.073171e-02
2.892758e-02
3.814477e-02
4.818727e-02
5.505633e-02
5.208098e-02
4.135126e-02
3.444879e-02
3.574098e-02
3.457717e-02
2.168878e-02
3.774493e-03
-8.112698e-03
-1.621062e-02
-2.977598e-02
-4.705391e-02
-5.714606e-02
-5.738319e-02
-5.563204e-02
-5.540789e-02
-5.140059e-02
-4.197222e-02
-3.402425e-02
-3.056683e-02
-2.387700e-02
-8.344774e-03
7.625954e-03
1.154326e-02
4.511133e-03
-9.485871e-05
5.087845e-03
1.261475e-02
1.215933e-02
4.874138e-03
2.180822e-04
1.048001e-03
-8.002245e-04
-1.131582e-02
-2.244701e-02
-2.056866e-02
-5.387831e-03
8.015672e-03
8.621386e-03
3.007155e-03
3.775339e-03
1.145048e-02
1.695182e-02
1.757316e-02
1.883820e-02
2.095158e-02
1.569470e-02
7.314714e-04
-1.324033e-02
-1.585094e-02
-9.750902e-03
-3.434868e-03
1.189223e-03
5.769415e-03
6.366833e-03
-1.884912e-03
-1.378554e-02
-1.827906e-02
-1.321089e-02
-6.393950e-03
-1.804183e-03
5.039726e-03
1.565153e-02
2.278665e-02
2.123214e-02
1.621988e-02
1.490508e-02
1.616498e-02
1.575628e-02
1.586831e-02
2.116338e-02
2.863577e-02
2.981220e-02
2.202818e-02
1.062017e-02
5.513065e-04
-7.690294e-03
-1.409268e-02
-1.738725e-02
-1.798328e-02
-1.734632e-02
-1.434461e-02
-7.816276e-03
-2.641101e-03
-6.276099e-03
-1.795434e-02
-2.862108e-02
-3.413821e-02
-4.062336e-02
-5.175453e-02
-5.852046e-02
-5.032235e-02
-3.225210e-02
-2.167138e-02
-2.765539e-02
-4.178541e-02
-5.091669e-02
-5.199433e-02
-5.073348e-02
-5.125634e-02
-5.243100e-02
-5.182971e-02
-4.816456e-02
-4.041085e-02
-2.887023e-02
-1.787999e-02
-1.412196e-02
-2.041651e-02
-3.280373e-02
-4.486849e-02
-5.331842e-02
-5.810607e-02
-5.906602e-02
-5.509719e-02
-4.633148e-02
-3.494641e-02
-2.345390e-02
-1.350007e-02
-6.343622e-03
-2.930841e-03
-2.973292e-03
-4.889581e-03
-6.896596e-03
-7.686290e-03
-6.823826e-03
-5.650138e-03
-6.634343e-03
-9.886528e-03
-1.164569e-02
-9.295049e-03
-6.940822e-03
-1.172017e-02
-2.411386e-02
-3.643885e-02
-4.272392e-02
-4.594488e-02
-5.259357e-02
-6.315814e-02
-7.118451e-02
-7.000416e-02
-5.836539e-02
-4.159584e-02
-2.886728e-02
-2.623966e-02
-2.991060e-02
-2.915289e-02
-1.848149e-02
-3.880098e-03
5.830671e-03
1.015129e-02
1.523604e-02
2.393443e-02
3.264121e-02
3.713331e-02
3.726441e-02
3.568367e-02
3.437153e-02
3.236679e-02
2.638940e-02
1.582995e-02
7.079636e-03
7.872806e-03
1.553269e-02
1.727874e-02
6.437220e-03
-8.049279e-03
-1.422386e-02
-1.286801e-02
-1.256425e-02
-1.454651e-02
-1.301625e-02
-7.573689e-03
-3.914547e-03
-2.478619e-03
2.602560e-03
1.166966e-02
1.683695e-02
1.421103e-02
9.949676e-03
1.032885e-02
1.342976e-02
1.462165e-02
1.325120e-02
9.756981e-03
2.847982e-03
-5.709790e-03
-9.361877e-03
-4.771412e-03
3.289103e-03
9.341630e-03
1.439648e-02
2.106864e-02
2.662631e-02
2.676589e-02
2.261060e-02
1.818465e-02
1.375129e-02
7.283650e-03
4.449315e-04
-2.563054e-03
-1.282686e-03
5.359144e-04
2.472612e-04
-1.874856e-03
-5.463471e-03
-1.038138e-02
-1.382206e-02
-1.100304e-02
-6.494896e-04
1.213129e-02
2.020260e-02
2.129362e-02
1.986964e-02
2.209369e-02
2.916277e-02
3.606390e-02
3.697445e-02
3.091422e-02
2.157753e-02
1.317792e-02
7.828831e-03
5.406876e-03
3.973179e-03
1.558065e-03
-7.084743e-04
9.038892e-04
7.009731e-03
1.254635e-02
1.317302e-02
1.157199e-02
1.314107e-02
1.775246e-02
2.075317e-02
2.017081e-02
1.733803e-02
1.201934e-02
3.348386e-03
-5.171699e-03
-8.331408e-03
-6.969437e-03
-6.764606e-03
-9.357264e-03
-1.141626e-02
-1.243272e-02
-1.540227e-02
-1.858389e-02
-1.518759e-02
-4.312724e-03
5.486861e-03
7.270638e-03
3.460049e-03
-1.016549e-03
-5.874060e-03
-1.088311e-02
-1.110928e-02
-3.185516e-03
8.444499e-03
1.727324e-02
2.265861e-02
2.709390e-02
3.011310e-02
3.060752e-02
3.145696e-02
3.601053e-02
4.265581e-02
4.782537e-02
5.140326e-02
5.406343e-02
5.224772e-02
4.166795e-02
2.425172e-02
6.681074e-03
-6.673200e-03
-1.525279e-02
-1.872238e-02
-1.663567e-02
-1.069993e-02
-3.413294e-03
4.661767e-03
1.311014e-02
1.886676e-02
1.889430e-02
1.434936e-02
8.689008e-03
2.986593e-03
-3.600126e-03
-1.025880e-02
-1.504153e-02
-1.787717e-02
-1.979510e-02
-2.026439e-02
-1.858777e-02
-1.688228e-02
-1.806366e-02
-2.113498e-02
-2.169512e-02
-1.756879e-02
-1.173970e-02
-9.243080e-03
-1.244585e-02
-1.954408e-02
-2.703084e-02
-3.347670e-02
-4.003865e-02
-4.606642e-02
-4.605942e-02
-3.493189e-02
-1.624510e-02
-7.514005e-04
4.606634e-03
2.557116e-03
-4.726245e-04
-1.429255e-03
4.123709e-05
4.042333e-03
8.705273e-03
1.017279e-02
8.081682e-03
7.736676e-03
1.337024e-02
2.240613e-02
2.961243e-02
3.345146e-02
3.488987e-02
3.376262e-02
3.051873e-02
2.800722e-02
2.682161e-02
2.209320e-02
1.014128e-02
-4.288658e-03
-1.289368e-02
-1.398846e-02
-1.247831e-02
-1.144714e-02
-9.708517e-03
-6.965394e-03
-5.374700e-03
-5.402148e-03
-5.190580e-03
-4.981564e-03
-7.671562e-03
-1.365148e-02
-1.882577e-02
-1.919190e-02
-1.462276e-02
-7.572755e-03
-1.184516e-03
9.720179e-04
-2.607443e-03
-7.430077e-03
-5.277553e-03
6.697159e-03
2.143238e-02
2.936572e-02
2.886365e-02
2.644720e-02
2.774943e-02
3.178784e-02
3.449977e-02
3.426571e-02
3.170886e-02
2.666238e-02
1.889948e-02
1.095443e-02
6.510790e-03
5.810037e-03
6.297692e-03
8.373840e-03
1.580119e-02
2.800051e-02
3.655585e-02
3.388583e-02
2.271924e-02
1.267494e-02
9.528974e-03
1.180334e-02
1.534176e-02
1.640052e-02
1.257385e-02
6.150691e-03
4.411089e-03
1.042423e-02
1.560771e-02
8.873303e-03
-7.973680e-03
-2.224210e-02
-2.753195e-02
-2.957935e-02
-3.345576e-02
-3.500721e-02
-2.952352e-02
-2.041529e-02
-1.324809e-02
-7.609204e-03
-1.007122e-03
4.384817e-03
5.011951e-03
1.966607e-03
-1.771245e-03
-6.650744e-03
-1.400568e-02
-2.136022e-02
-2.525048e-02
-2.616930e-02
-2.638730e-02
-2.558789e-02
-2.307236e-02
-2.181402e-02
-2.564061e-02
-3.361477e-02
-4.059528e-02
-4.226588e-02
-3.775354e-02
-2.976318e-02
-2.403270e-02
-2.533645e-02
-3.154719e-02
-3.483935e-02
-3.090609e-02
-2.326536e-02
-1.660598e-02
-1.115811e-02
-6.978446e-03
-8.091723e-03
-1.667718e-02
-2.666081e-02
-2.883979e-02
-2.105228e-02
-9.681822e-03
-2.670631e-03
-3.334299e-03
-8.543246e-03
-1.102095e-02
-6.273769e-03
1.767533e-03
5.865602e-03
5.936228e-03
7.707623e-03
1.065696e-02
7.141602e-03
-3.134209e-03
-8.877048e-03
-4.233934e-03
5.313764e-04
-4.692380e-03
-1.194504e-02
-6.302749e-03
1.074623e-02
2.245965e-02
1.892282e-02
5.653045e-03
-8.789269e-03
-2.157061e-02
-3.068352e-02
-3.211916e-02
-2.555739e-02
-1.600842e-02
-7.834339e-03
-2.495486e-03
-1.722275e-03
-6.159295e-03
-1.111880e-02
-1.048631e-02
-4.683008e-03
1.251113e-03
5.525391e-03
8.074129e-03
3.948926e-03
-1.134386e-02
-3.036928e-02
-3.860653e-02
-3.252399e-02
-2.308081e-02
-1.938943e-02
-1.905777e-02
-1.766321e-02
-1.747205e-02
-2.190530e-02
-2.983579e-02
-3.983114e-02
-5.204180e-02
-6.212529e-02
-6.251000e-02
-5.456575e-02
-4.993851e-02
-5.357683e-02
-5.507488e-02
-4.470215e-02
-2.852203e-02
-1.740081e-02
-9.240848e-03
5.258221e-03
2.458522e-02
3.780944e-02
4.177517e-02
4.378375e-02
4.704006e-02
4.610404e-02
3.926960e-02
3.351777e-02
3.200415e-02
2.681188e-02
1.171634e-02
-5.225452e-03
-1.092574e-02
-5.368556e-03
-1.449846e-03
-7.097745e-03
-1.558321e-02
-1.650446e-02
-1.040537e-02
-6.505107e-03
-7.903245e-03
-6.382063e-03
4.700292e-03
1.768178e-02
1.819784e-02
4.583286e-03
-8.709112e-03
-1.001452e-02
-4.914915e-03
-5.759060e-03
-1.355917e-02
-1.971769e-02
-2.163488e-02
-2.474674e-02
-2.903013e-02
-2.567059e-02
-1.148846e-02
3.241023e-03
7.677647e-03
3.441370e-03
-1.833945e-03
-6.541385e-03
-1.209682e-02
-1.390897e-02
-6.254909e-03
6.238968e-03
1.238020e-02
9.320842e-03
4.203804e-03
6.714714e-04
-5.913036e-03
-1.716407e-02
-2.568564e-02
-2.575211e-02
-2.204077e-02
-2.150387e-02
-2.316319e-02
-2.302136e-02
-2.355778e-02
-2.984045e-02
-3.919520e-02
-4.300954e-02
-3.792669e-02
-2.847943e-02
-1.924570e-02
-1.085999e-02
-3.715263e-03
6.227641e-04
2.392139e-03
2.813939e-03
3.040693e-04
-6.740338e-03
-1.341360e-02
-1.161418e-02
-1.307991e-03
8.817782e-03
1.457830e-02
2.214158e-02
3.541703e-02
4.514301e-02
3.955203e-02
2.239476e-02
1.083474e-02
1.520163e-02
2.862821e-02
3.849870e-02
4.116117e-02
4.154689e-02
4.356221e-02
4.633086e-02
4.760993e-02
4.588149e-02
3.952183e-02
2.818236e-02
1.593700e-02
9.898813e-03
1.388655e-02
2.495541e-02
3.719581e-02
4.722253e-02
5.457292e-02
5.860498e-02
5.773829e-02
5.161262e-02
4.198091e-02
3.113564e-02
2.077499e-02
1.243138e-02
7.439950e-03
5.912723e-03
6.576012e-03
7.744293e-03
7.945438e-03
6.457596e-03
4.492547e-03
4.673669e-03
7.303725e-03
8.489866e-03
5.193019e-03
1.318097e-03
4.420275e-03
1.574422e-02
2.802232e-02
3.505013e-02
3.937855e-02
4.753460e-02
6.053281e-02
7.224713e-02
7.547322e-02
6.770434e-02
5.322906e-02
4.126173e-02
3.891350e-02
4.345626e-02
4.431765e-02
3.525885e-02
2.146122e-02
1.162789e-02
6.703199e-03
8.587289e-04
-8.914774e-03
-1.933216e-02
-2.614033e-02
-2.879563e-02
-2.963227e-02
-3.064693e-02
-3.090012e-02
-2.673488e-02
-1.700531e-02
-8.141122e-03
-8.729190e-03
-1.698614e-02
-2.008989e-02
-1.040176e-02
4.025421e-03
1.125871e-02
1.146462e-02
1.270314e-02
1.608118e-02
1.583478e-02
1.154312e-02
8.851637e-03
8.126483e-03
3.312298e-03
-6.137855e-03
-1.225791e-02
-1.070055e-02
-7.169434e-03
-7.923173e-03
-1.143658e-02
-1.342972e-02
-1.316729e-02
-1.058549e-02
-3.815027e-03
5.629526e-03
1.092423e-02
8.102172e-03
1.340583e-03
-4.162880e-03
-9.431635e-03
-1.701616e-02
-2.407746e-02
-2.606517e-02
-2.373340e-02
-2.077877e-02
-1.727665e-02
-1.111348e-02
-3.963866e-03
-2.327125e-04
-7.628430e-04
-2.138630e-03
-1.744119e-03
4.483976e-04
4.518574e-03
1.067558e-02
1.611363e-02
1.554599e-02
6.857243e-03
-5.457231e-03
-1.413392e-02
-1.617080e-02
-1.542552e-02
-1.814818e-02
-2.614056e-02
-3.482349e-02
-3.815962e-02
-3.444100e-02
-2.665832e-02
-1.879799e-02
-1.325633e-02
-1.034100e-02
-8.295592e-03
-5.054754e-03
-1.715651e-03
-2.294777e-03
-7.818214e-03
-1.334572e-02
-1.427175e-02
-1.296835e-02
-1.482932e-02
-2.000085e-02
-2.407050e-02
-2.502000e-02
-2.382329e-02
-1.973854e-02
-1.151857e-02
-2.647300e-03
1.325608e-03
8.099198e-04
1.253024e-03
4.325444e-03
6.890568e-03
8.707526e-03
1.299284e-02
1.794180e-02
1.626310e-02
6.359877e-03
-3.568960e-03
-6.283553e-03
-3.463791e-03
6.710514e-04
6.193328e-03
1.280676e-02
1.513116e-02
9.126705e-03
-1.358502e-03
-1.003044e-02
-1.602746e-02
-2.141612e-02
-2.536800e-02
-2.661205e-02
-2.808023e-02
-3.334669e-02
-4.110866e-02
-4.807814e-02
-5.429310e-02
-6.036900e-02
-6.237110e-02
-5.529295e-02
-4.022130e-02
-2.328451e-02
-8.872074e-03
1.947786e-03
8.169984e-03
8.783595e-03
5.082803e-03
-7.565102e-04
-8.404815e-03
-1.750241e-02
-2.478090e-02
-2.677295e-02
-2.414081e-02
-1.997528e-02
-1.519711e-02
-8.966675e-03
-2.149839e-03
3.239595e-03
7.019407e-03
1.003094e-02
1.150668e-02
1.056839e-02
9.343251e-03
1.098031e-02
1.473874e-02
1.617283e-02
1.267713e-02
6.776465e-03
3.499049e-03
5.721029e-03
1.224552e-02
1.989449e-02
2.736055e-02
3.595439e-02
4.508737e-02
4.879913e-02
4.093399e-02
2.397144e-02
8.361488e-03
1.726559e-03
2.441106e-03
4.831825e-03
5.888619e-03
4.788445e-03
9.334338e-04
-3.932812e-03
-5.668467e-03
-3.538596e-03
-2.793149e-03
-8.045205e-03
-1.726280e-02
-2.551943e-02
-3.115279e-02
-3.471018e-02
-3.563427e-02
-3.427193e-02
-3.364867e-02
-3.449435e-02
-3.168770e-02
-2.093529e-02
-6.481748e-03
3.299307e-03
6.122319e-03
6.238038e-03
6.412112e-03
5.466930e-03
3.211980e-03
1.867185e-03
1.922212e-03
1.555902e-03
1.125201e-03
3.787454e-03
1.028407e-02
1.671336e-02
1.885576e-02
1.598444e-02
9.946921e-03
3.737376e-03
1.417630e-03
5.301930e-03
1.134533e-02
1.092060e-02
1.510185e-04
-1.468463e-02
-2.388909e-02
-2.500172e-02
-2.386602e-02
-2.611430e-02
-3.120203e-02
-3.538887e-02
-3.700310e-02
-3.634086e-02
-3.281766e-02
-2.586141e-02
-1.789182e-02
-1.274308e-02
-1.090727e-02
-1.005066e-02
-1.090111e-02
-1.781484e-02
-3.080521e-02
-4.145401e-02
-4.134279e-02
-3.205410e-02
-2.261304e-02
-1.915278e-02
-2.110796e-02
-2.498364e-02
-2.692677e-02
-2.387782e-02
-1.771188e-02
-1.608590e-02
-2.288372e-02
-2.981429e-02
-2.507247e-02
-9.328817e-03
5.288364e-03
1.208483e-02
1.620678e-02
2.239277e-02
2.635458e-02
2.311840e-02
1.568895e-02
9.360031e-03
3.714774e-03
-3.605342e-03
-1.028234e-02
-1.256953e-02
-1.126936e-02
-9.041494e-03
-5.190671e-03
1.751534e-03
9.328696e-03
1.395684e-02
1.587004e-02
1.701597e-02
1.679834e-02
1.437893e-02
1.283655e-02
1.641667e-02
2.476719e-02
3.308275e-02
3.674986e-02
3.407159e-02
2.704033e-02
2.140236e-02
2.262999e-02
2.933774e-02
3.386835e-02
3.146011e-02
2.497239e-02
1.864187e-02
1.260278e-02
7.187096e-03
7.057468e-03
1.520406e-02
2.603877e-02
3.002678e-02
2.394635e-02
1.319865e-02
5.662412e-03
5.508141e-03
1.049202e-02
1.342677e-02
9.205982e-03
1.200801e-03
-3.425303e-03
-4.434928e-03
-7.488141e-03
-1.190294e-02
-9.550839e-03
3.345170e-04
6.340964e-03
2.026146e-03
-2.605293e-03
2.970461e-03
1.113701e-02
6.380978e-03
-1.103168e-02
-2.495449e-02
-2.469571e-02
-1.420948e-02
-8.809348e-04
1.266185e-02
2.388902e-02
2.799793e-02
2.384454e-02
1.574446e-02
7.760624e-03
1.647707e-03
-1.382632e-04
3.725234e-03
8.769537e-03
8.593746e-03
3.061880e-03
-3.332134e-03
-9.138760e-03
-1.411610e-02
-1.251515e-02
1.255110e-03
2.052095e-02
3.061416e-02
2.691045e-02
1.908362e-02
1.574908e-02
1.495212e-02
1.282209e-02
1.168146e-02
1.488400e-02
2.168963e-02
3.134672e-02
4.444121e-02
5.664472e-02
6.001947e-02
5.520115e-02
5.317460e-02
5.908094e-02
6.342357e-02
5.676720e-02
4.421131e-02
3.562428e-02
2.911549e-02
1.601520e-02
-2.553575e-03
-1.662757e-02
-2.298969e-02
-2.783830e-02
-3.378948e-02
-3.576359e-02
-3.214502e-02
-2.928721e-02
-3.014348e-02
-2.744410e-02
-1.506033e-02
2.261185e-04
6.393991e-03
2.507975e-03
-5.217488e-04
4.680725e-03
1.280880e-02
1.475762e-02
1.053723e-02
7.961492e-03
9.896953e-03
9.175107e-03
-5.156489e-04
-1.301424e-02
-1.551306e-02
-5.480990e-03
5.389656e-03
6.801707e-03
2.714495e-03
3.286477e-03
9.699414e-03
1.514196e-02
1.759982e-02
2.161393e-02
2.703645e-02
2.610818e-02
1.549234e-02
3.199006e-03
-1.646909e-03
3.608613e-04
3.708924e-03
7.443594e-03
1.264661e-02
1.515952e-02
9.699773e-03
-5.299172e-04
-6.572120e-03
-5.718664e-03
-3.172888e-03
-1.530491e-03
3.063542e-03
1.202241e-02
1.947344e-02
2.058704e-02
1.860670e-02
1.874904e-02
2.029449e-02
2.028981e-02
2.086583e-02
2.625700e-02
3.471718e-02
3.963585e-02
3.800659e-02
3.268473e-02
2.679127e-02
2.082749e-02
1.530486e-02
1.157574e-02
9.557166e-03
8.507575e-03
9.966377e-03
1.550956e-02
2.156744e-02
2.176668e-02
1.554202e-02
8.985956e-03
5.128529e-03
-6.486296e-04
-1.143599e-02
-2.041433e-02
-1.828442e-02
-6.749257e-03
2.139606e-03
2.447864e-04
-8.576520e-03
-1.579230e-02
-1.850987e-02
-1.973476e-02
-2.207164e-02
-2.507265e-02
-2.731604e-02
-2.762063e-02
-2.445217e-02
-1.707523e-02
-8.034081e-03
-2.421763e-03
-3.466727e-03
-9.829970e-03
-1.788039e-02
-2.535720e-02
-3.177030e-02
-3.643543e-02
-3.800062e-02
-3.590172e-02
-3.100885e-02
-2.465706e-02
-1.794531e-02
-1.201077e-02
-7.952126e-03
-6.090602e-03
-5.800086e-03
-6.066175e-03
-5.844803e-03
-4.489345e-03
-2.704508e-03
-2.291739e-03
-3.571229e-03
-3.940508e-03
-1.156368e-03
2.435049e-03
1.772188e-03
-4.399481e-03
-1.173224e-02
-1.618656e-02
-1.914743e-02
-2.477096e-02
-3.404958e-02
-4.341199e-02
-4.810547e-02
-4.582982e-02
-3.856631e-02
-3.195498e-02
-3.095300e-02
-3.452250e-02
-3.631605e-02
-3.212179e-02
-2.464009e-02
-1.906393e-02
-1.618464e-02
-1.264922e-02
-6.549267e-03
3.378000e-04
5.474493e-03
8.334405e-03
1.014179e-02
1.209966e-02
1.366440e-02
1.244118e-02
7.406700e-03
2.312788e-03
2.650551e-03
7.905540e-03
1.064363e-02
5.934426e-03
-2.067542e-03
-6.554009e-03
-7.347994e-03
-8.806769e-03
-1.147654e-02
-1.207528e-02
-1.035771e-02
-9.501225e-03
-9.661063e-03
-7.303482e-03
-1.987230e-03
1.810445e-03
1.441555e-03
-1.647951e-04
4.283877e-04
2.570538e-03
4.107082e-03
4.626868e-03
3.842821e-03
4.031549e-04
-5.048841e-03
-8.719155e-03
-8.170783e-03
-5.357808e-03
-2.903749e-03
-2.052401e-04
4.110267e-03
8.503705e-03
1.045612e-02
1.019853e-02
9.516054e-03
8.328306e-03
5.448653e-03
1.731217e-03
-4.444703e-04
-4.568361e-04
1.008396e-04
-8.038463e-05
-1.141769e-03
-3.352951e-03
-7.031098e-03
-1.079293e-02
-1.173206e-02
-8.361885e-03
-2.623627e-03
1.803771e-03
3.086322e-03
2.865885e-03
4.295185e-03
8.560938e-03
1.362079e-02
1.642250e-02
1.580328e-02
1.289277e-02
9.502300e-03
6.898428e-03
5.410328e-03
4.256435e-03
2.379326e-03
2.873995e-04
5.224921e-05
2.366090e-03
4.928886e-03
5.432236e-03
4.876157e-03
5.822421e-03
8.462513e-03
1.083600e-02
1.200497e-02
1.229002e-02
1.111063e-02
7.686198e-03
3.600210e-03
1.555822e-03
1.539149e-03
1.143997e-03
-3.887569e-04
-1.690354e-03
-2.780942e-03
-5.255427e-03
-8.291277e-03
-8.373000e-03
-4.464138e-03
-6.845183e-05
1.485477e-03
6.673325e-04
-9.531106e-04
-3.610114e-03
-7.198152e-03
-9.183963e-03
-7.515547e-03
-3.624343e-03
-1.448675e-04
2.497505e-03
5.048361e-03
6.992330e-03
7.695268e-03
8.430811e-03
1.081956e-02
1.442687e-02
1.797924e-02
2.159830e-02
2.557042e-02
2.810973e-02
2.682288e-02
2.181409e-02
1.538781e-02
9.321366e-03
4.202905e-03
6.823563e-04
-6.077375e-04
-3.425185e-05
1.654424e-03
4.452285e-03
8.275874e-03
1.174491e-02
1.330400e-02
1.304314e-02
1.206773e-02
1.067066e-02
8.492458e-03
5.884594e-03
3.663371e-03
1.928150e-03
4.070931e-04
-5.007876e-04
-3.676605e-04
-2.796743e-05
-8.077060e-04
-2.519023e-03
-3.414775e-03
-2.317398e-03
-1.924591e-05
1.563543e-03
1.156969e-03
-9.925866e-04
-3.796087e-03
-6.827984e-03
-1.069173e-02
-1.523662e-02
-1.806904e-02
-1.647653e-02
-1.097234e-02
-5.320103e-03
-2.563066e-03
-2.459853e-03
-3.180252e-03
-3.658394e-03
-3.448033e-03
-2.154438e-03
-3.670336e-04
2.955421e-04
-5.732536e-04
-1.089586e-03
5.451687e-04
3.783341e-03
6.970669e-03
9.496652e-03
1.143338e-02
1.244779e-02
1.262721e-02
1.311743e-02
1.423516e-02
1.408374e-02
1.093001e-02
6.076025e-03
2.449787e-03
1.018864e-03
5.061649e-04
6.798662e-05
1.305400e-04
7.376756e-04
1.110997e-03
1.085092e-03
1.284699e-03
1.556289e-03
7.356332e-04
-1.556297e-03
-4.083795e-03
-5.376978e-03
-5.008023e-03
-3.386327e-03
-1.436399e-03
-6.524376e-04
-2.071663e-03
-4.524328e-03
-5.055901e-03
-2.069220e-03
2.639333e-03
5.884754e-03
6.631048e-03
6.573581e-03
7.526700e-03
9.438152e-03
1.120662e-02
1.229802e-02
1.272244e-02
1.216368e-02
1.031858e-02
7.901370e-03
6.150937e-03
5.273958e-03
4.581253e-03
4.396380e-03
6.280582e-03
1.045030e-02
1.432268e-02
1.506326e-02
1.282302e-02
1.018191e-02
9.092969e-03
9.633120e-03
1.093907e-02
1.182296e-02
1.116779e-02
9.413535e-03
8.982066e-03
1.129288e-02
1.396230e-02
1.326961e-02
9.095501e-03
4.869231e-03
2.620600e-03
9.572226e-04
-1.439713e-03
-3.270907e-03
-3.003804e-03
-1.402193e-03
8.046906e-05
1.591300e-03
3.798747e-03
6.007232e-03
7.097031e-03
7.229814e-03
7.080250e-03
6.371727e-03
4.634663e-03
2.546381e-03
1.137836e-03
3.993938e-04
-1.321304e-04
-2.028848e-04
4.769452e-04
1.036790e-03
1.924251e-04
-2.122725e-03
-4.694611e-03
-6.199858e-03
-5.962717e-03
-4.325664e-03
-2.835304e-03
-3.148859e-03
-5.087132e-03
-6.641414e-03
-6.432489e-03
-5.068178e-03
-3.552218e-03
-1.863879e-03
-1.345456e-04
2.423138e-04
-1.745379e-03
-4.775016e-03
-6.284822e-03
-5.176977e-03
-2.604323e-03
-5.769826e-04
-3.737926e-04
-1.635879e-03
-2.542588e-03
-1.640675e-03
3.358837e-04
1.578214e-03
2.009224e-03
3.073822e-03
4.563867e-03
4.293190e-03
1.944167e-03
4.117318e-04
1.445643e-03
2.592539e-03
1.119374e-03
-1.166017e-03
-2.779476e-04
4.019093e-03
7.922019e-03
8.667252e-03
6.878530e-03
4.062416e-03
7.619968e-04
-2.332208e-03
-3.900360e-03
-3.482332e-03
-1.941220e-03
-1.513251e-04
1.430392e-03
2.064862e-03
1.277447e-03
6.217835e-05
-2.149292e-05
1.173358e-03
2.732920e-03
4.424977e-03
6.184939e-03
6.473656e-03
3.677142e-03
-8.405205e-04
-3.574237e-03
-3.170117e-03
-1.645540e-03
-9.417275e-04
-6.603886e-04
3.197528e-05
5.674253e-04
1.454785e-04
-1.142863e-03
-3.282246e-03
-6.546857e-03
-9.902603e-03
