0.0
3.04e-07
1.98e-06
6.25e-06
1.36e-05
2.39e-05
3.68e-05
5.22e-05
7.03e-05
9.08e-05
0.00011352
0.00013863
0.00016592
0.00019462
0.00022344
0.00025124
0.00027754
0.00030245
0.00032634
0.0003503
0.00037742
0.00041269
0.00046019
0.00051979
0.00058725
0.00065804
0.00073017
0.00080318
0.00087623
0.00094962
0.00102836
0.00112308
0.00124486
0.0013972
0.00157353
0.00176398
0.00196276
0.00216615
0.00236524
0.0025464
0.00269774
0.00281177
0.00288507
0.0029209
0.00293104
0.00293176
0.00293654
0.00295113
0.00297638
0.00301747
0.00308621
0.00318759
0.00330653
0.00341746
0.00350769
0.00358462
0.00366256
0.00374792
0.00383091
0.00388395
0.00387309
0.00378078
0.00361895
0.00341763
0.00320491
0.00299879
0.00280668
0.00262528
0.00244562
0.00226036
0.00206629
0.00186466
0.00165826
0.00144554
0.00122105
0.00097867
0.00071289
0.00042177
9.9e-05
-0.00028281
-0.0007646
-0.00137407
-0.00212579
-0.0030347
-0.00410144
-0.00529994
-0.00661051
-0.00804732
-0.00962478
-0.0113123
-0.01304071
-0.01474123
-0.01636775
-0.01789936
-0.01933817
-0.02069213
-0.02195177
-0.02310544
-0.02418559
-0.02527316
-0.0264364
-0.02767753
-0.02895582
-0.03025155
-0.03158132
-0.03294777
-0.03429666
-0.0355444
-0.03665437
-0.03767322
-0.03868281
-0.03973588
-0.04084274
-0.04198841
-0.04315523
-0.04435671
-0.0456485
-0.0470771
-0.04861741
-0.05018138
-0.0516839
-0.05309322
-0.05444039
-0.05579575
-0.05722538
-0.05876702
-0.06043988
-0.06223513
-0.06407482
-0.06581671
-0.06733278
-0.06857579
-0.06956024
-0.0702994
-0.07078861
-0.07104232
-0.07111602
-0.07107681
-0.0709475
-0.07069063
-0.07027874
-0.06976302
-0.06922089
-0.06865197
-0.06797809
-0.06713806
-0.06614394
-0.06504661
-0.06387654
-0.06263238
-0.06131709
-0.05996105
-0.05860941
-0.05731524
-0.05613833
-0.05511582
-0.05423749
-0.05346316
-0.05274498
-0.05203198
-0.05128466
-0.05049079
-0.04965226
-0.04876917
-0.04785279
-0.04692906
-0.04600461
-0.04505718
-0.04408569
-0.04314522
-0.04231937
-0.04167896
-0.04125986
-0.04104039
-0.04093091
-0.04081831
-0.04063532
-0.04036094
-0.03995606
-0.03934803
-0.03849527
-0.0374331
-0.03624582
-0.03501629
-0.0337989
-0.03261311
-0.03145609
-0.03033263
-0.02927563
-0.02833451
-0.02754361
-0.02689677
-0.02635201
-0.02587199
-0.02545287
-0.02509597
-0.02476985
-0.02441408
-0.02395243
-0.02330468
-0.02243098
-0.02137909
-0.02026277
-0.01917886
-0.01815863
-0.01719709
-0.01628981
-0.01542659
-0.01458165
-0.01373154
-0.01287926
-0.01206633
-0.01135789
-0.01079516
-0.01037232
-0.01007932
-0.00993512
-0.00994798
-0.01007123
-0.01022208
-0.0103353
-0.01040613
-0.01048949
-0.01064226
-0.01085753
-0.01105271
-0.01111568
-0.01097316
-0.01063647
-0.01018988
-0.00973103
-0.0093144
-0.00894089
-0.00859145
-0.00826528
-0.00797517
-0.00769812
-0.00736533
-0.00694856
-0.00653275
-0.00624666
-0.00613667
-0.00615733
-0.00626482
-0.00646203
-0.00675044
-0.00707855
-0.00735269
-0.00748447
-0.00742432
-0.00715932
-0.0066829
-0.00598017
-0.00506145
-0.00399064
-0.00284729
-0.00167381
-0.00049286
0.00063756
0.00163744
0.00247657
0.00319314
0.00385019
0.00450337
0.00518502
0.00589252
0.00661432
0.00738081
0.00827227
0.00936661
0.01068109
0.01216199
0.01372431
0.01529506
0.01682469
0.01828094
0.019654
0.02096425
0.02224815
0.0235336
0.02483967
0.02619023
0.02759257
0.02900264
0.03035412
0.03161948
0.03280398
0.03390367
0.03491116
0.03584346
0.03674655
0.03769001
0.0387477
0.039951
0.04125416
0.04255472
0.04375177
0.04479571
0.04569903
0.04650406
0.04724234
0.04793193
0.0485987
0.04927078
0.04994886
0.05060048
0.05119102
0.05171826
0.05221303
0.05270271
0.05318559
0.05364878
0.05409152
0.05452955
0.05500817
0.05561762
0.0564656
0.05761044
0.05902238
0.06061057
0.06227976
0.06397593
0.06569312
0.06742388
0.06910874
0.07066994
0.07209676
0.07346318
0.07485312
0.07629988
0.0778092
0.07939573
0.08106717
0.08281307
0.08463432
0.08654255
0.08851412
0.09048303
0.09238699
0.09419333
0.09588805
0.09746634
0.09893445
0.10032083
0.10168858
0.10311267
0.10462073
0.10616826
0.10769365
0.10918191
0.11063364
0.11198313
0.11311426
0.1139786
0.11465942
0.11530104
0.11598222
0.11666146
0.11724787
0.11771068
0.11809901
0.11847979
0.11889617
0.11936391
0.11986692
0.1203683
0.12084071
0.1212631
0.12158801
0.12175142
0.12171787
0.12148272
0.12104354
0.12040878
0.11962775
0.11878486
0.11795524
0.11716768
0.11641552
0.11569328
0.11500502
0.11434294
0.113677
0.11297023
0.11219739
0.11135085
0.11044034
0.10948951
0.10852752
0.1075868
0.10670434
0.10591069
0.1052155
0.10459822
0.10399994
0.10333814
0.10255155
0.10162369
0.10055594
0.09933628
0.09794638
0.09638629
0.09468607
0.09290975
0.09115467
0.08951563
0.08801289
0.08656351
0.08505108
0.08341241
0.08165135
0.07981338
0.07796455
0.07616468
0.07445792
0.07289534
0.07152917
0.07035656
0.06929799
0.0682632
0.0672209
0.06618187
0.06514518
0.06409902
0.06304332
0.06196345
0.06079924
0.05946901
0.05791069
0.05609877
0.05404504
0.05178983
0.04939194
0.04692849
0.04447981
0.04207565
0.03966246
0.03716005
0.03454785
0.0318825
0.02925229
0.02672532
0.02432805
0.02206836
0.01996225
0.01801765
0.01621448
0.01452508
0.0129288
0.01138418
0.00982075
0.00819097
0.00650058
0.00475483
0.00290891
0.00091535
-0.001193
-0.00330657
-0.00533734
-0.00729311
-0.00923882
-0.0112029
-0.0131431
-0.01499219
-0.01672248
-0.01837502
-0.02003084
-0.02174585
-0.02352019
-0.02533178
-0.02716861
-0.02901186
-0.03081033
-0.03249804
-0.03404721
-0.03549215
-0.03688109
-0.03820828
-0.03940994
-0.0404307
-0.04129077
-0.04207757
-0.04286073
-0.04363091
-0.04433259
-0.04492469
-0.04539877
-0.04578022
-0.04612631
-0.04649555
-0.04691535
-0.04739573
-0.04796335
-0.04865004
-0.04944955
-0.05031699
-0.05120605
-0.05208103
-0.05291561
-0.05371725
-0.05453342
-0.05539633
-0.05627019
-0.05706934
-0.05770377
-0.05810408
-0.0582522
-0.05820022
-0.0580258
-0.0577805
-0.05750461
-0.05725993
-0.05711701
-0.05712247
-0.05728353
-0.05756718
-0.05790667
-0.05821498
-0.05840543
-0.0584216
-0.05825865
-0.05793674
-0.05744588
-0.05674562
-0.05582556
-0.05473497
-0.0535471
-0.05232086
-0.05110416
-0.04995737
-0.04896035
-0.04818013
-0.04761743
-0.04720216
-0.04685888
-0.04656301
-0.04632419
-0.04613168
-0.04593579
-0.04568212
-0.04534044
-0.04489566
-0.04435247
-0.04376897
-0.04323953
-0.04281346
-0.0424581
-0.0421157
-0.04176751
-0.04141842
-0.04103498
-0.04054052
-0.03987985
-0.03905998
-0.0381329
-0.03716834
-0.03623379
-0.03536852
-0.03456175
-0.03375112
-0.03284563
-0.03176664
-0.03048085
-0.02899437
-0.02732003
-0.02547097
-0.02348303
-0.02140897
-0.01927708
-0.01707213
-0.01476464
-0.01235192
-0.0098693
-0.0073662
-0.00486166
-0.00230997
0.0003615
0.00314701
0.00593252
0.00860718
0.01115694
0.01361273
0.01595836
0.01812942
0.02007037
0.0217765
0.02330702
0.02475412
0.02618005
0.02760075
0.02903717
0.03054439
0.03216748
0.03389031
0.03563901
0.03732097
0.03886193
0.04021935
0.0413693
0.04229997
0.04302947
0.04361331
0.04412357
0.04462197
0.04513573
0.0456474
0.0461271
0.04657855
0.04703776
0.0475393
0.04810606
0.04876863
0.04957309
0.05054683
0.05165787
0.05282645
0.05396993
0.05503011
0.05598623
0.05686026
0.05769411
0.05850384
0.05924707
0.05983612
0.06019748
0.06033755
0.06035937
0.06040611
0.06056947
0.06084407
0.06116493
0.06147015
0.06171212
0.06183363
0.06178635
0.06157641
0.06124725
0.06082321
0.0603175
0.05979047
0.05934827
0.05905968
0.05889728
0.05878053
0.05865999
0.05854457
0.058466
0.05844064
0.05846202
0.05851664
0.05859834
0.05869655
0.05877926
0.05880787
0.05875231
0.05857481
0.05824078
0.05777974
0.0572943
0.05687187
0.05651673
0.05617697
0.05578823
0.05528215
0.05460093
0.05371394
0.05259757
0.05122507
0.04960661
0.04780606
0.04589438
0.04391956
0.04193152
0.04000499
0.03822309
0.03663623
0.03523697
0.03397713
0.03279343
0.03161258
0.0303659
0.02902255
0.02760065
0.02613534
0.02463015
0.02304386
0.02133588
0.01952376
0.01768673
0.01590316
0.01417785
0.0124392
0.01061744
0.00871316
0.00677089
0.00479929
0.00275421
0.00060333
-0.00162126
-0.00383833
-0.00596857
-0.00796874
-0.00982616
-0.01153441
-0.01308533
-0.0144894
-0.01580552
-0.01713888
-0.01858345
-0.0201568
-0.02180658
-0.02348124
-0.02517489
-0.02690727
-0.0286822
-0.03046996
-0.03222118
-0.03389475
-0.03547415
-0.03695748
-0.03833529
-0.03958978
-0.0407233
-0.04177406
-0.04279072
-0.04380832
-0.04486312
-0.04600132
-0.04724343
-0.04855985
-0.04990444
-0.05125639
-0.05261866
-0.05400009
-0.05541718
-0.05689698
-0.05846218
-0.06011249
-0.06181318
-0.06350448
-0.06514309
-0.06672464
-0.06824483
-0.06966784
-0.07096223
-0.07213878
-0.0732293
-0.07425088
-0.0752093
-0.07612246
-0.07702213
-0.07793701
-0.07888447
-0.07987201
-0.08089525
-0.08193706
-0.08297691
-0.08400468
-0.08502573
-0.08605648
-0.08711495
-0.08820672
-0.08931657
-0.09041654
-0.09148356
-0.09250845
-0.09348835
-0.09441447
-0.09527312
-0.09605802
-0.09677476
-0.0974352
-0.09805423
-0.09864544
-0.09920792
-0.09972019
-0.10015657
-0.10051327
-0.10081787
-0.1011106
-0.10141357
-0.10171696
-0.10199263
-0.10221935
-0.10239686
-0.10253709
-0.10264272
-0.10269888
-0.10268819
-0.10260655
-0.10246157
-0.10226572
-0.10203821
-0.10180628
-0.10159402
-0.10140732
-0.10123517
-0.10106552
-0.10089422
-0.10072091
-0.10054606
-0.10037479
-0.10021912
-0.10009312
-0.10000408
-0.09994374
-0.09988481
-0.09979413
-0.09965877
-0.0994913
-0.09930595
-0.09910288
-0.09887573
-0.09861942
-0.09833009
-0.09800486
-0.09763727
-0.09721185
-0.09671413
-0.09614965
-0.09554378
-0.09491984
-0.09428199
-0.09361938
-0.09292429
-0.09220592
-0.09148529
-0.09077595
-0.09007362
-0.08936808
-0.0886594
-0.08795457
-0.0872525
-0.08654283
-0.08581859
-0.08508042
-0.08432923
-0.08356579
-0.08279914
-0.08204763
-0.08132858
-0.08064988
-0.08001146
-0.07940899
-0.07883094
-0.07825556
-0.07765947
-0.07703167
-0.07637658
-0.07570429
-0.07502054
-0.07432466
-0.07361427
-0.07289099
-0.07216137
-0.07143254
-0.07070852
-0.06999036
-0.06927813
-0.06857093
-0.06786448
-0.0671516
-0.06642766
-0.06569368
-0.06495324
-0.06420928
-0.0634655
-0.06272954
-0.06201169
-0.06131978
-0.06065601
-0.06001626
-0.05939028
-0.05876445
-0.05812654
-0.05746959
-0.05679313
-0.05610085
-0.05539716
-0.05468584
-0.05396974
-0.05325119
-0.05253381
-0.05182162
-0.05111371
-0.05040347
-0.04968598
-0.04896159
-0.04823148
-0.04749609
-0.04675906
-0.04602676
-0.04530326
-0.04458881
-0.04388204
-0.04318131
-0.04248577
-0.04179577
-0.04111065
-0.04042749
-0.03974524
-0.03906957
-0.0384104
-0.03777409
-0.0371601
-0.03656463
-0.03598472
-0.03541894
-0.0348656
-0.03432074
-0.03377814
-0.03323271
-0.03268353
-0.03213295
-0.03158378
-0.03103805
-0.0304961
-0.02995563
-0.0294135
-0.0288698
-0.02832994
-0.02780221
-0.0272932
-0.0268049
-0.02633463
-0.02587618
-0.0254232
-0.02497368
-0.02452975
-0.02409175
-0.02365425
-0.02321038
-0.02275914
-0.02230542
-0.02185255
-0.02139821
-0.02093872
-0.02047517
-0.02001364
-0.01956023
-0.01911795
-0.01868798
-0.01827163
-0.01786996
-0.01748235
-0.01710572
-0.01673512
-0.01636618
-0.01599739
-0.01562983
-0.01526509
-0.01490337
-0.01454236
-0.01417799
-0.01380697
-0.0134289
-0.01304603
-0.01266118
-0.01227533
-0.01188742
-0.01149728
-0.01110742
-0.01072073
-0.01033796
-0.00995892
-0.00958412
-0.00921403
-0.00884798
-0.00848422
-0.00811987
-0.00775175
-0.00737854
-0.00700179
-0.00662406
-0.00624712
-0.00587249
-0.00550191
-0.00513602
-0.00477366
-0.0044134
-0.00405464
-0.00369714
-0.00334035
-0.00298377
-0.00262666
-0.00226775
-0.00190579
-0.00154019
-0.00117148
-0.00080167
-0.00043366
-6.97e-05
0.0002897
0.00064549
0.00099842
0.00134863
0.00169628
0.00204195
0.00238652
0.00273115
0.00307839
