0.0
7.82e-05
0.00028067
0.00058268
0.00088937
0.00115761
0.00141617
0.00167991
0.00192912
0.0021598
0.00239248
0.00262743
0.00281802
0.00289855
0.00284504
0.00270637
0.00255687
0.00243133
0.00235988
0.00248215
0.00303392
0.00410027
0.00539773
0.00643737
0.00696918
0.00716049
0.00726683
0.00731609
0.00728647
0.00747048
0.00847013
0.01068529
0.01373869
0.01659598
0.01847906
0.0195223
0.02020045
0.02032584
0.01924074
0.01678626
0.01336228
0.00937685
0.00532872
0.00204705
0.00027553
0.00011048
0.00093331
0.00196458
0.00315945
0.00530216
0.00857994
0.01141315
0.01186489
0.0100884
0.00813033
0.00753804
0.00817846
0.00873938
0.0073672
0.00259947
-0.00510952
-0.01311182
-0.01868496
-0.02109315
-0.02115513
-0.01994061
-0.01855166
-0.01790304
-0.01815585
-0.01895222
-0.0198338
-0.0204213
-0.02088876
-0.02175862
-0.02323888
-0.0253467
-0.02782238
-0.03043458
-0.03459434
-0.0425622
-0.05424964
-0.06781751
-0.08283654
-0.09902386
-0.11376377
-0.12549316
-0.13698452
-0.15078294
-0.16416636
-0.17204541
-0.17243104
-0.16690931
-0.15804185
-0.14836481
-0.13962473
-0.13096579
-0.12059401
-0.11065291
-0.1069404
-0.11190064
-0.12069826
-0.12661723
-0.12866092
-0.13094498
-0.13520752
-0.13709153
-0.13102988
-0.1177778
-0.10517096
-0.10018251
-0.10263098
-0.1080918
-0.11298056
-0.11574593
-0.11778292
-0.12361317
-0.13574532
-0.14952021
-0.15684559
-0.1543817
-0.14557424
-0.136874
-0.13387739
-0.1383767
-0.14811368
-0.16054854
-0.17404278
-0.18371458
-0.18158094
-0.16443352
-0.13807253
-0.11100209
-0.08615804
-0.06144916
-0.03655501
-0.01520663
-0.00084035
0.00822128
0.01851004
0.03359408
0.04774079
0.05372384
0.05471923
0.06071455
0.07526378
0.09240299
0.10536834
0.11355879
0.12061689
0.1282448
0.13423878
0.1361988
0.13327048
0.12446214
0.11020451
0.09454509
0.08186692
0.07378473
0.07074806
0.07257801
0.07703485
0.08163949
0.08612731
0.09033582
0.092372
0.09221002
0.09324132
0.09638916
0.09687688
0.0896909
0.07425718
0.05315826
0.03096265
0.0145622
0.00947269
0.01416972
0.02252554
0.0329398
0.04949219
0.07296598
0.09688253
0.11398084
0.12202706
0.1229547
0.12023167
0.11707184
0.11432328
0.10977985
0.10069523
0.08687455
0.07141421
0.05879232
0.05089466
0.04506183
0.03860028
0.03334386
0.03293198
0.03949537
0.05431103
0.07608087
0.09780126
0.11039134
0.11109596
0.10529433
0.09896718
0.09336656
0.08821418
0.08492681
0.0845253
0.08548607
0.08424763
0.07708663
0.06381757
0.04899359
0.0358778
0.022248
0.00629085
-0.00800797
-0.01509117
-0.01385868
-0.00869584
-0.00657387
-0.0112645
-0.01920558
-0.02232493
-0.01463169
0.00340696
0.02487175
0.04086711
0.04664359
0.04419127
0.03923261
0.03591945
0.03397682
0.03085746
0.02747621
0.02938658
0.03792914
0.04376349
0.03679148
0.01964058
0.00347078
-0.00672606
-0.01501195
-0.02463331
-0.03214071
-0.03176039
-0.0214933
-0.00404462
0.01618256
0.0368619
0.05879522
0.08169986
0.10084221
0.11179187
0.11623865
0.11830268
0.11687739
0.1075981
0.09182283
0.07681244
0.06763515
0.06473336
0.06650273
0.06970602
0.07141571
0.07341964
0.08139465
0.09838684
0.12079868
0.14106414
0.15355883
0.15766718
0.15569346
0.14967367
0.14137428
0.13362344
0.12912637
0.12811407
0.1292206
0.1324606
0.13792507
0.14171025
0.13895825
0.13091944
0.12241554
0.11437813
0.1053297
0.09645671
0.09078139
0.09103506
0.09904137
0.11314252
0.12668667
0.13205004
0.12622771
0.11232207
0.09678127
0.08473098
0.07679954
0.07106522
0.06730185
0.06663439
0.06781455
0.06715499
0.06247605
0.05558911
0.05050329
0.04900007
0.04882905
0.04745195
0.04518494
0.04358627
0.044702
0.0526018
0.07130993
0.09938849
0.12898291
0.15171417
0.16419926
0.1687027
0.17059779
0.17291278
0.17213653
0.16322812
0.14876808
0.13810342
0.13679211
0.14163879
0.14766316
0.15453255
0.16295913
0.17101988
0.17816485
0.18646683
0.19481276
0.19822153
0.19444488
0.18586097
0.17519959
0.16365692
0.15207544
0.14196261
0.13642289
0.13858308
0.1467954
0.15388235
0.15435199
0.15058564
0.1473998
0.14181049
0.1257262
0.09947152
0.07502927
0.06396055
0.06586031
0.06943857
0.06451097
0.05221126
0.04141023
0.03748961
0.03936354
0.04420541
0.04905173
0.05081211
0.04901742
0.04525497
0.03840034
0.02533368
0.00676099
-0.01342024
-0.03368777
-0.05412713
-0.07198657
-0.08266371
-0.08453409
-0.08095423
-0.07680505
-0.07373987
-0.07055474
-0.06719091
-0.06578341
-0.06808163
-0.07370254
-0.08099053
-0.08815031
-0.09352558
-0.09614865
-0.09572562
-0.09176358
-0.08417191
-0.07437948
-0.06496415
-0.05950442
-0.06168454
-0.07178177
-0.08570588
-0.0997305
-0.11405591
-0.13026954
-0.1477348
-0.16378722
-0.17520826
-0.1783412
-0.17084799
-0.15650313
-0.1456731
-0.14644039
-0.15710606
-0.17046683
-0.18094678
-0.18545587
-0.18327011
-0.17607199
-0.16443199
-0.14700228
-0.12618319
-0.10990012
-0.10356908
-0.1038292
-0.10424058
-0.10360918
-0.10403928
-0.10508722
-0.10617001
-0.11090406
-0.12343708
-0.14367939
-0.16841073
-0.19375027
-0.21628545
-0.2337901
-0.2444815
-0.24668542
-0.24241589
-0.23950454
-0.24477082
-0.25609223
-0.26524369
-0.26619638
-0.2586392
-0.24640113
-0.23302941
-0.21856938
-0.20243328
-0.18691134
-0.17425117
-0.16385349
-0.15604036
-0.15425585
-0.15935156
-0.16630205
-0.17149037
-0.17857669
-0.1917029
-0.20645625
-0.21304438
-0.20794391
-0.19848428
-0.19408095
-0.19563632
-0.19631067
-0.19040379
-0.17886001
-0.16796921
-0.16411233
-0.16808934
-0.17477882
-0.17960232
-0.18258981
-0.18456389
-0.1831803
-0.17522998
-0.16175453
-0.14881561
-0.14121428
-0.13649064
-0.12766182
-0.11151913
-0.09298759
-0.08077985
-0.07795584
-0.07838266
-0.07451629
-0.06511034
-0.05317428
-0.04204664
-0.03530013
-0.03501547
-0.03923623
-0.0447525
-0.05180671
-0.06241846
-0.07481233
-0.08419294
-0.08850203
-0.08874983
-0.08570934
-0.08128096
-0.08003326
-0.08392977
-0.08797174
-0.08521459
-0.07307414
-0.0525602
-0.02710592
-0.00354766
0.01245532
0.02164684
0.02687371
0.02721612
0.02043145
0.00733912
-0.00855061
-0.02309438
-0.03248421
-0.03390885
-0.02621901
-0.01084477
0.0076115
0.02443434
0.04010695
0.05896785
0.08135943
0.1016898
0.11507673
0.12154107
0.12299205
0.11937379
0.10855801
0.08953737
0.06646582
0.04747349
0.0370318
0.03196478
0.0268544
0.02102688
0.01843501
0.02175279
0.0294217
0.03916352
0.04986423
0.05777079
0.05705957
0.04787378
0.0380968
0.03416678
0.0345638
0.03475535
0.035599
0.04260963
0.05733174
0.07460208
0.08842403
0.09578691
0.09591953
0.09026613
0.08296239
0.07949584
0.0842734
0.09824647
0.11808614
0.13884444
0.15821723
0.17653306
0.19267035
0.20388544
0.21038786
0.21634849
0.22526957
0.23630434
0.24557673
0.24999
0.25017936
0.25158612
0.26034332
0.27398749
0.28080188
0.27411158
0.26080377
0.25000038
0.24085826
0.22699154
0.20618222
0.18188134
0.16041576
0.14745084
0.1430696
0.14218051
0.1421953
0.14617454
0.15619887
0.16812361
0.17508369
0.17300083
0.16211138
0.14542846
0.12568791
0.10403158
0.08237269
0.06452792
0.05351798
0.04963114
0.05055347
0.05180292
0.04986298
0.04615462
0.0448657
0.04758206
0.05302918
0.06079166
0.07260508
0.08889523
0.10527336
0.11544694
0.11682502
0.11087132
0.10078701
0.09086871
0.08478358
0.08236177
0.0788427
0.06815624
0.04821585
0.02410234
0.00580461
0.00124598
0.00977988
0.02266396
0.0309519
0.03216705
0.02820298
0.01917848
0.00412696
-0.01341817
-0.02761795
-0.03784073
-0.04697858
-0.0531683
-0.05017248
-0.03691006
-0.02142406
-0.01269054
-0.01155796
-0.01226546
-0.01016871
-0.00525824
2.35e-05
0.0039699
0.00689625
0.00934394
0.00969997
0.00612946
-0.00082158
-0.01092728
-0.0253862
-0.04098665
-0.049187
-0.04620913
-0.03833854
-0.03370734
-0.03530401
-0.04362738
-0.05863243
-0.07803306
-0.099697
-0.12418608
-0.15022041
-0.17222006
-0.18660122
-0.19504521
-0.19916807
-0.19713922
-0.18664622
-0.16880495
-0.14876191
-0.13198516
-0.12102684
-0.11696857
-0.12046594
-0.12942548
-0.13883963
-0.14479097
-0.14816085
-0.15371682
-0.16441455
-0.17690436
-0.18399668
-0.1818563
-0.1747605
-0.17176382
-0.1773716
-0.18687346
-0.19294657
-0.19530612
-0.19998923
-0.20974097
-0.21983502
-0.22355926
-0.21842643
-0.20692869
-0.19298059
-0.1784242
-0.16302467
-0.14722952
-0.13455554
-0.13060586
-0.13786245
-0.15132339
-0.16222068
-0.16673073
-0.16818847
-0.17101057
-0.17557946
-0.17886263
-0.17777606
-0.17172964
-0.16274317
-0.15318588
-0.14333237
-0.13182754
-0.11904573
-0.10839449
-0.10266232
-0.10118078
-0.10289067
-0.10897656
-0.11910519
-0.12869566
-0.13367057
-0.13492641
-0.13558599
-0.13699456
-0.13954622
-0.14437586
-0.15201743
-0.16105454
-0.16841624
-0.17057933
-0.16686418
-0.16093872
-0.15542949
-0.14786512
-0.13606844
-0.12308065
-0.112892
-0.10547202
-0.098849
-0.0931327
-0.09009459
-0.09033923
-0.09291184
-0.09671498
-0.10072804
-0.10360465
-0.10436857
-0.10342022
-0.10223906
-0.10226829
-0.104227
-0.10759013
-0.11048379
-0.11096101
-0.1086196
-0.1046588
-0.10031626
-0.09551402
-0.08943441
-0.08217716
-0.0749215
-0.06863041
-0.06371036
-0.06036946
-0.05788375
-0.05420132
-0.04773802
-0.0394417
-0.032419
-0.02927363
-0.02968385
-0.03069958
-0.02942784
-0.02530634
-0.02006273
-0.01571299
-0.01240732
-0.0084142
-0.00247331
0.00466672
0.01150634
0.01729342
0.02156736
0.02344536
0.0224844
0.01987387
0.01770688
0.01695222
0.01702602
0.01722853
0.01744225
0.01745214
0.01658566
0.01428768
0.01076537
0.00716296
0.00539454
0.00703887
0.01133405
0.01543684
0.0177676
0.01933785
0.02140666
0.02410077
0.02723035
0.03066965
0.03445697
0.03935029
0.04604647
0.0534055
0.05898986
0.06173933
0.06299596
0.0648156
0.06788168
0.0709663
0.07229036
0.07157187
0.07041106
0.070286
0.07080593
0.070756
0.0702255
0.07041063
0.07165321
0.07315115
0.07446595
0.07579353
0.07674831
0.07623806
0.07374791
0.06993944
0.06581773
0.06192654
0.05874281
0.05725719
0.05825744
0.06115285
0.064299
0.06651895
0.06783895
0.06893826
0.07029617
0.07175803
0.07277245
0.07302094
0.07267997
0.07211387
0.07151755
0.07093367
0.07057737
0.07085306
0.07181116
0.07294634
0.0737789
0.07426603
0.07447668
0.07414756
0.07285498
0.0705757
0.06776875
0.06505299
0.06307617
0.06236173
0.06301943
0.06468314
0.06670713
0.06851208
0.06986794
0.07080567
0.07141068
0.07177843
0.07187108
0.07151726
0.07093018
0.0707904
0.07135224
0.07212003
0.07273266
0.07330078
0.07371478
0.07356493
0.07282301
0.07188236
0.0710332
0.0703512
0.06981182
0.06928226
0.06872279
0.06836447
0.06830364
0.06804342
0.06689639
0.06482109
0.0624649
0.06040933
0.05873484
0.05726493
0.05591349
0.05481995
0.05426676
0.05434816
0.05474971
0.05503656
0.05503034
0.05476842
0.05436736
0.05406588
0.054094
0.05433764
0.05430414
0.0535155
0.05191176
0.04985807
0.04784878
0.04631882
0.04549347
0.04513622
0.04471092
0.0440544
0.04365139
0.0439888
0.04480157
0.04533761
0.04533694
0.04529151
0.04565988
0.04622081
0.04636941
0.04582505
0.04481279
0.04363075
0.04233873
0.04090852
0.03943433
0.0381405
0.0372756
0.0369247
0.03688718
0.03684592
0.03663407
0.03630601
0.03607833
0.03620003
0.03673584
0.03747413
0.03809679
0.03842176
0.03852977
0.03866904
0.03892296
0.03905424
0.03885941
0.0384715
0.03809214
0.03770412
0.03724403
0.03678641
0.03645191
0.03635074
0.03657979
0.03706996
0.03753888
0.03776175
0.03775832
0.03760686
0.03728407
0.03681834
0.03638588
0.03611321
0.03594652
0.03580653
0.03570541
0.03565945
0.03566778
0.03577742
0.03602662
0.03637668
0.03673643
0.03697042
0.0369386
0.03662039
0.03616104
0.03574414
0.03542931
0.03515641
0.03488659
0.03465323
0.03449579
0.03443668
0.03451812
0.03505146
